1,70,865,70
2,80,1088,80
3,44,900,44
4,24,575,24
5,41,1091,41
6,41,1495,41
1,49,551,49
2,28,1432,28
3,95,718,95
4,94,1007,94
5,38,818,38
6,35,1014,35
7,18,728,18
8,48,559,48
9,100,753,100
10,91,1181,91
1,65,894,65
1,37,1062,37
2,81,623,81
3,84,1283,84
4,70,1460,70
5,28,1083,28
6,41,958,41
7,80,1356,80
8,52,1193,52
9,52,545,52
10,16,620,16
11,72,899,72
12,32,1089,32
13,24,943,24
14,46,1429,46
15,47,1012,47
16,86,822,86
17,28,1199,28
18,13,989,13
19,26,973,26
20,83,661,83
21,46,935,46
22,95,1092,95
23,63,1150,63
24,80,505,80
25,28,537,28
26,33,1172,33
27,23,598,23
28,25,1102,25
29,47,1159,47
30,49,1285,49
31,34,813,34
32,67,1360,67
33,89,1203,89
34,42,1423,42
35,17,859,17
36,63,1068,63
37,77,558,77
38,31,1355,31
39,46,796,46
40,67,1486,67
41,83,513,83
42,29,1219,29
43,61,579,61
44,56,743,56
45,51,586,51
46,87,659,87
47,42,1004,42
48,79,1132,79
49,21,826,21
50,40,512,40
51,62,1182,62
52,72,1238,72
53,73,1415,73
54,19,777,19
55,87,1314,87
56,20,1345,20
57,26,910,26
58,45,1352,45
59,20,1405,20
60,93,748,93
61,91,1099,91
62,39,1407,39
63,15,1396,15
64,22,1381,22
65,52,1392,52
66,88,987,88
67,46,580,46
68,40,1397,40
69,72,1338,72
70,60,701,60
71,22,1398,22
72,57,1456,57
73,77,1431,77
74,39,964,39
75,98,819,98
76,11,960,11
77,64,721,64
78,72,702,72
79,53,588,53
80,85,1056,85
81,19,1420,19
82,57,927,57
83,62,1148,62
84,95,595,95
85,91,1303,91
86,64,1101,64
87,83,1020,83
88,32,1406,32
89,57,914,57
90,17,607,17
91,91,1162,91
92,69,931,69
93,11,564,11
94,67,1114,67
95,15,1130,15
96,51,824,51
97,14,694,14
98,90,1062,90
99,31,721,31
100,85,884,85
1,84,1498,84
2,91,1445,91
3,21,891,21
1,60,717,60
2,97,827,97
3,35,1439,35
4,29,1433,29
5,80,512,80
6,43,1349,43
7,81,666,81
8,78,1047,78
9,66,1082,66
10,49,678,49
1,96,748,96
2,24,1279,24
3,67,1065,67
4,94,620,94
5,13,539,13
6,68,1288,68
7,49,1229,49
8,21,1004,21
9,91,717,91
10,52,1255,52
1,19,1489,19
2,59,1156,59
3,46,641,46
4,36,606,36
5,71,750,71
6,17,1307,17
7,33,1304,33
8,37,703,37
9,79,1366,79
10,15,587,15
11,53,753,53
12,71,1378,71
13,97,639,97
14,98,508,98
15,63,1220,63
16,14,1208,14
17,48,983,48
18,76,524,76
19,98,916,98
20,11,1336,11
21,92,1035,92
22,15,1473,15
23,21,917,21
24,16,1388,16
25,86,835,86
26,70,810,70
27,18,635,18
28,82,1277,82
29,17,1363,17
30,67,1456,67
31,62,1421,62
32,72,1473,72
33,45,637,45
34,66,1361,66
35,92,707,92
36,66,984,66
37,80,1020,80
38,98,969,98
39,18,1455,18
40,32,1083,32
41,60,529,60
42,53,552,53
43,60,1162,60
44,56,1495,56
45,76,1422,76
46,10,534,10
47,70,1068,70
48,51,1464,51
49,12,715,12
50,45,1001,45
51,90,565,90
52,17,839,17
53,42,1036,42
54,21,916,21
55,42,757,42
56,92,1142,92
57,52,1454,52
58,71,731,71
59,49,865,49
60,66,965,66
61,13,1257,13
62,37,529,37
63,89,683,89
64,48,1193,48
65,73,1207,73
66,97,1463,97
67,47,1366,47
68,68,561,68
69,30,1205,30
70,56,1315,56
71,50,1002,50
72,39,1310,39
73,48,609,48
74,64,1235,64
75,16,1152,16
76,26,663,26
77,63,824,63
78,25,1007,25
79,72,834,72
80,51,1171,51
81,39,1118,39
82,33,585,33
83,93,865,93
84,19,971,19
85,85,1399,85
86,79,745,79
87,32,825,32
88,88,663,88
89,96,750,96
90,60,1068,60
91,38,1195,38
92,72,1403,72
93,63,636,63
94,73,605,73
95,18,823,18
96,11,578,11
97,96,954,96
98,13,590,13
99,16,703,16
100,43,559,43
1,61,761,61
2,41,1419,41
3,72,1307,72
4,29,1405,29
5,79,1018,79
6,41,715,41
7,65,1116,65
8,41,1049,41
9,85,901,85
10,79,609,79
1,57,1029,57
1,17,676,17
1,18,858,18
1,96,1194,96
1,96,1194,96
1,73,1492,73
1,44,901,44
1,60,1227,60
1,27,1116,27
1,56,1487,56
1,20,508,20
1,77,1375,77
1,77,1375,77
1,56,591,56
1,93,536,93
1,26,1379,26
1,87,913,87
2,56,1376,56
3,85,796,85
4,54,1007,54
5,33,1428,33
6,24,1374,24
7,25,664,25
8,28,981,28
9,13,1031,13
10,85,1289,85
1,23,1332,23
2,56,579,56
3,56,729,56
4,94,619,94
5,15,803,15
6,46,889,46
7,26,1499,26
8,54,671,54
9,83,691,83
10,21,597,21
1,72,1192,72
2,27,1289,27
3,75,500,75
4,87,904,87
5,55,978,55
6,12,537,12
7,66,706,66
8,95,1427,95
9,47,1100,47
10,66,1136,66
1,65,986,65
2,26,1272,26
3,88,1089,88
4,31,821,31
5,10,574,10
6,77,839,77
7,65,1376,65
8,55,538,55
9,98,1151,98
10,33,691,33
1,42,1441,42
2,100,941,100
3,85,1174,85
4,43,1217,43
5,84,1068,84
6,79,1331,79
7,95,509,95
8,24,1168,24
9,51,1487,51
10,43,863,43
1,34,750,34
2,53,1123,53
3,52,601,52
4,85,1112,85
5,75,1381,75
6,22,1061,22
7,13,949,13
8,97,1244,97
9,26,1174,26
10,45,870,45
1,86,1366,86
2,71,1046,71
3,46,1431,46
4,99,1154,99
5,60,982,60
6,94,1000,94
7,83,912,83
8,57,701,57
9,29,1082,29
10,93,682,93
11,45,662,45
12,69,936,69
13,64,807,64
14,76,990,76
15,43,1320,43
16,76,1228,76
17,100,647,100
18,93,513,93
19,48,1012,48
20,28,862,28
21,98,1149,98
22,13,918,13
23,98,715,98
24,67,1048,67
25,40,1138,40
26,12,672,12
27,10,1257,10
28,71,1060,71
29,90,790,90
30,95,524,95
31,39,763,39
32,28,1070,28
33,88,928,88
34,70,909,70
35,54,1396,54
36,100,939,100
37,69,722,69
38,26,1415,26
39,54,1354,54
40,96,1002,96
41,45,1236,45
42,23,965,23
43,88,1237,88
44,47,1241,47
45,70,1187,70
46,17,1044,17
47,89,962,89
48,79,943,79
49,72,1050,72
50,51,673,51
51,54,1248,54
52,31,1162,31
53,71,1459,71
54,62,1317,62
55,22,773,22
56,39,1269,39
57,95,1077,95
58,44,818,44
59,46,1277,46
60,21,1294,21
61,49,1351,49
62,97,1355,97
63,50,1400,50
64,89,1178,89
65,49,1091,49
66,48,1374,48
67,74,1359,74
68,10,1046,10
69,79,854,79
70,95,863,95
71,99,982,99
72,72,887,72
73,37,525,37
74,25,566,25
75,16,1420,16
76,78,1011,78
77,70,693,70
78,86,1209,86
79,97,1267,97
80,59,671,59
81,16,635,16
82,46,1015,46
83,85,1040,85
84,66,649,66
85,36,1195,36
86,47,1385,47
87,41,692,41
88,75,972,75
89,56,1249,56
90,43,1210,43
91,88,711,88
92,33,654,33
93,49,1035,49
94,44,974,44
95,33,784,33
96,82,784,82
97,43,1156,43
98,78,1054,78
99,58,1475,58
100,16,929,16
1,88,857,88
2,64,599,64
3,85,1046,85
4,39,1043,39
5,88,1090,88
6,33,1221,33
7,16,1417,16
8,52,848,52
9,26,705,26
10,88,1168,88
11,85,516,85
12,88,1420,88
13,54,669,54
14,92,1091,92
15,15,755,15
16,80,987,80
17,50,1386,50
18,19,968,19
19,98,666,98
20,69,793,69
21,73,1078,73
22,30,1427,30
23,81,1345,81
24,32,1301,32
25,92,1193,92
26,21,897,21
27,70,1262,70
28,85,1139,85
29,96,1215,96
30,46,717,46
31,94,1483,94
32,36,1321,36
33,13,1064,13
34,43,553,43
35,82,864,82
36,39,507,39
37,89,1294,89
38,16,984,16
39,17,569,17
40,64,1188,64
41,26,808,26
42,95,801,95
43,93,840,93
44,48,1419,48
45,88,840,88
46,34,1368,34
47,63,1074,63
48,69,1416,69
49,75,528,75
50,42,979,42
51,35,695,35
52,64,1476,64
53,46,1090,46
54,52,1098,52
55,97,793,97
56,69,728,69
57,82,660,82
58,67,970,67
59,64,1171,64
60,53,1475,53
61,81,814,81
62,47,1430,47
63,29,675,29
64,76,859,76
65,74,676,74
66,17,672,17
67,55,863,55
68,73,852,73
69,59,882,59
70,55,1243,55
71,98,1147,98
72,40,720,40
73,65,1476,65
74,62,1145,62
75,89,1116,89
76,43,1413,43
77,91,597,91
78,64,632,64
79,84,884,84
80,24,1007,24
81,69,804,69
82,11,665,11
83,89,685,89
84,65,584,65
85,88,974,88
86,30,815,30
87,60,1179,60
88,45,1459,45
89,26,971,26
90,23,1152,23
91,88,573,88
92,85,594,85
93,92,1297,92
94,15,1355,15
95,32,740,32
96,84,1039,84
97,80,1463,80
98,86,807,86
99,73,636,73
100,42,846,42
