1,47,1271,47
2,44,1414,44
3,61,1258,61
4,68,1116,68
5,24,800,24
6,68,1375,68
7,72,660,72
1,85,1339,85
2,84,523,84
3,87,1387,87
4,88,1317,88
5,22,1471,22
6,22,571,22
7,94,532,94
8,86,649,86
9,83,910,83
10,65,866,65
1,30,790,30
1,87,1060,87
2,64,1142,64
3,46,1279,46
4,83,799,83
5,74,896,74
6,54,1468,54
7,58,673,58
8,40,1145,40
9,75,503,75
10,88,636,88
11,44,785,44
12,90,1259,90
13,84,1098,84
14,62,621,62
15,68,1281,68
16,38,1050,38
17,96,769,96
18,25,1465,25
19,38,996,38
20,17,1403,17
21,69,873,69
22,18,1265,18
23,68,726,68
24,77,1102,77
25,63,1407,63
26,60,893,60
27,66,596,66
28,79,1305,79
29,44,616,44
30,82,1174,82
31,19,1106,19
32,28,554,28
33,18,896,18
34,24,934,24
35,78,1397,78
36,54,1360,54
37,37,761,37
38,29,936,29
39,45,654,45
40,91,561,91
41,31,1498,31
42,27,1187,27
43,83,1125,83
44,19,650,19
45,37,573,37
46,13,871,13
47,85,1060,85
48,27,648,27
49,14,725,14
50,99,1440,99
51,40,1083,40
52,65,847,65
53,70,931,70
54,73,745,73
55,78,728,78
56,15,931,15
57,99,541,99
58,72,585,72
59,70,1260,70
60,85,1453,85
61,28,531,28
62,90,939,90
63,29,537,29
64,26,513,26
65,52,1480,52
66,49,1155,49
67,48,551,48
68,11,1040,11
69,97,688,97
70,39,944,39
71,45,912,45
72,29,663,29
73,74,1371,74
74,25,754,25
75,94,1240,94
76,36,1155,36
77,90,619,90
78,30,1485,30
79,17,1404,17
80,99,611,99
81,18,597,18
82,17,1214,17
83,69,668,69
84,70,778,70
85,16,1107,16
86,28,1230,28
87,70,928,70
88,84,700,84
89,56,717,56
90,23,1019,23
91,39,606,39
92,51,751,51
93,26,1128,26
94,61,1161,61
95,38,624,38
96,55,820,55
97,23,1070,23
98,57,1171,57
99,80,795,80
100,24,1397,24
1,16,833,16
2,75,972,75
3,33,1366,33
1,98,774,98
2,47,990,47
3,36,1325,36
4,40,1431,40
5,68,1174,68
6,55,1345,55
7,76,582,76
8,41,893,41
9,39,1067,39
10,42,911,42
1,86,1158,86
2,81,1266,81
3,48,839,48
4,85,991,85
5,97,1221,97
6,97,1183,97
7,33,955,33
8,79,1367,79
9,31,829,31
10,14,618,14
1,23,991,23
2,74,908,74
3,90,1072,90
4,87,813,87
5,60,672,60
6,84,1218,84
7,85,1268,85
8,42,1076,42
9,83,695,83
10,63,646,63
11,98,1023,98
12,93,1262,93
13,59,803,59
14,44,1254,44
15,27,1442,27
16,78,1445,78
17,58,949,58
18,60,1437,60
19,60,1410,60
20,90,1331,90
21,46,886,46
22,45,924,45
23,32,742,32
24,64,1027,64
25,97,922,97
26,58,1041,58
27,25,1195,25
28,26,567,26
29,13,1306,13
30,85,1108,85
31,76,1026,76
32,89,1229,89
33,96,503,96
34,32,986,32
35,62,1436,62
36,38,613,38
37,32,774,32
38,97,1218,97
39,91,915,91
40,70,700,70
41,74,1086,74
42,61,1231,61
43,17,543,17
44,28,1063,28
45,17,1230,17
46,30,561,30
47,79,1001,79
48,57,830,57
49,45,1058,45
50,50,886,50
51,10,1250,10
52,35,975,35
53,11,1479,11
54,55,967,55
55,82,1373,82
56,58,1450,58
57,35,1418,35
58,15,1425,15
59,30,1162,30
60,54,887,54
61,54,1432,54
62,77,552,77
63,81,549,81
64,57,925,57
65,94,1327,94
66,75,1123,75
67,61,1238,61
68,62,595,62
69,42,1356,42
70,59,1480,59
71,57,652,57
72,63,731,63
73,47,830,47
74,44,685,44
75,81,952,81
76,16,692,16
77,94,791,94
78,58,539,58
79,92,1301,92
80,20,1066,20
81,80,668,80
82,57,1065,57
83,82,1395,82
84,82,937,82
85,95,919,95
86,37,992,37
87,71,1361,71
88,100,1060,100
89,85,838,85
90,38,636,38
91,27,781,27
92,42,1476,42
93,92,1034,92
94,60,835,60
95,11,914,11
96,67,1122,67
97,83,1490,83
98,73,1126,73
99,13,1104,13
100,70,629,70
1,57,928,57
2,85,1375,85
3,11,1483,11
4,58,733,58
5,65,1351,65
6,51,1028,51
7,43,878,43
8,13,996,13
9,41,1048,41
10,32,689,32
1,20,860,20
1,66,593,66
1,45,1209,45
1,84,856,84
1,84,856,84
1,98,1074,98
1,71,993,71
1,55,587,55
1,34,1285,34
1,74,1224,74
1,98,1393,98
1,22,1494,22
1,22,1494,22
1,37,1169,37
1,100,647,100
1,65,1026,65
1,13,1362,13
2,75,1439,75
3,68,514,68
4,49,1265,49
5,84,834,84
6,37,647,37
7,29,1405,29
8,38,731,38
9,13,1296,13
10,79,612,79
1,89,1223,89
2,98,708,98
3,74,1288,74
4,93,784,93
5,31,1471,31
6,78,971,78
7,53,824,53
8,88,869,88
9,45,958,45
10,46,1335,46
1,58,624,58
2,47,856,47
3,92,1345,92
4,48,805,48
5,11,676,11
6,21,1395,21
7,21,1300,21
8,25,853,25
9,59,957,59
10,47,531,47
1,93,698,93
2,82,1472,82
3,31,1065,31
4,40,1203,40
5,21,1306,21
6,30,920,30
7,35,1463,35
8,17,750,17
9,20,611,20
10,17,790,17
1,23,963,23
2,97,1233,97
3,16,684,16
4,88,1363,88
5,16,677,16
6,46,1397,46
7,42,811,42
8,52,859,52
9,32,1171,32
10,12,678,12
1,97,549,97
2,18,826,18
3,85,619,85
4,40,609,40
5,95,1481,95
6,100,1196,100
7,21,688,21
8,45,1473,45
9,32,1048,32
10,99,801,99
1,48,1259,48
2,58,1025,58
3,31,663,31
4,58,820,58
5,87,1386,87
6,12,1026,12
7,93,912,93
8,65,1407,65
9,95,960,95
10,39,507,39
11,25,1307,25
12,48,852,48
13,51,1451,51
14,10,915,10
15,89,1178,89
16,34,596,34
17,80,1280,80
18,81,756,81
19,79,1437,79
20,69,1451,69
21,12,1040,12
22,94,1398,94
23,86,1089,86
24,89,505,89
25,31,886,31
26,22,1161,22
27,80,1027,80
28,99,1490,99
29,87,1415,87
30,33,590,33
31,73,802,73
32,87,1154,87
33,39,1424,39
34,17,620,17
35,24,836,24
36,60,710,60
37,72,925,72
38,34,629,34
39,49,1149,49
40,90,834,90
41,34,1077,34
42,74,1166,74
43,58,1496,58
44,12,1106,12
45,53,1041,53
46,86,1000,86
47,84,1282,84
48,100,1141,100
49,66,1364,66
50,13,1486,13
51,76,921,76
52,40,695,40
53,49,561,49
54,92,1335,92
55,56,1330,56
56,79,1103,79
57,52,674,52
58,63,710,63
59,91,785,91
60,72,944,72
61,13,1226,13
62,85,974,85
63,88,847,88
64,67,989,67
65,62,1349,62
66,14,1431,14
67,31,661,31
68,62,1138,62
69,24,740,24
70,95,922,95
71,43,1395,43
72,78,831,78
73,37,1318,37
74,11,1490,11
75,12,629,12
76,84,1152,84
77,76,903,76
78,68,1434,68
79,31,926,31
80,13,1322,13
81,79,838,79
82,72,688,72
83,92,1256,92
84,82,1112,82
85,13,591,13
86,66,806,66
87,83,1229,83
88,78,844,78
89,72,1380,72
90,13,1046,13
91,70,617,70
92,45,927,45
93,83,873,83
94,81,1141,81
95,43,612,43
96,33,1121,33
97,88,692,88
98,18,1047,18
99,22,1465,22
100,94,1312,94
1,17,991,17
2,58,666,58
3,15,1309,15
4,64,1474,64
5,17,691,17
6,42,926,42
7,78,738,78
8,50,1463,50
9,24,1072,24
10,39,523,39
11,58,1010,58
12,66,1028,66
13,39,942,39
14,60,1342,60
15,58,1054,58
16,90,1207,90
17,59,514,59
18,16,715,16
19,80,851,80
20,34,750,34
21,62,807,62
22,11,1475,11
23,82,1131,82
24,91,841,91
25,38,649,38
26,100,869,100
27,57,666,57
28,24,919,24
29,98,1325,98
30,36,853,36
31,42,1376,42
32,45,816,45
33,73,1027,73
34,93,1019,93
35,13,1474,13
36,71,1461,71
37,11,692,11
38,43,813,43
39,19,1169,19
40,85,660,85
41,73,1279,73
42,98,569,98
43,57,1314,57
44,35,978,35
45,29,725,29
46,44,968,44
47,92,1188,92
48,54,1105,54
49,89,1034,89
50,59,1292,59
51,16,1314,16
52,20,591,20
53,68,995,68
54,30,1170,30
55,72,1205,72
56,28,848,28
57,21,1106,21
58,38,965,38
59,72,643,72
60,11,1440,11
61,63,1387,63
62,77,658,77
63,36,1226,36
64,31,950,31
65,66,941,66
66,36,1397,36
67,35,737,35
68,95,1375,95
69,38,568,38
70,33,1055,33
71,69,1411,69
72,21,608,21
73,65,956,65
74,77,1293,77
75,92,818,92
76,10,1067,10
77,80,731,80
78,100,1362,100
79,24,677,24
80,64,723,64
81,98,1336,98
82,22,744,22
83,46,978,46
84,40,1072,40
85,21,690,21
86,16,722,16
87,24,1395,24
88,13,1006,13
89,42,1491,42
90,47,535,47
91,15,540,15
92,30,808,30
93,54,885,54
94,46,1301,46
95,94,914,94
96,82,701,82
97,90,1232,90
98,58,1015,58
99,80,660,80
100,90,1485,90
