1,42,829,42
2,25,871,25
3,25,772,25
4,95,558,95
5,41,1452,41
6,73,575,73
1,58,1499,58
2,44,599,44
3,62,1293,62
4,45,584,45
5,72,768,72
6,52,1421,52
7,84,1375,84
8,62,1480,62
9,19,1162,19
10,59,1123,59
1,74,715,74
1,54,958,54
2,99,652,99
3,58,659,58
4,62,1293,62
5,34,1486,34
6,93,1194,93
7,43,500,43
8,15,985,15
9,56,770,56
10,92,1247,92
11,34,1093,34
12,100,1206,100
13,23,1240,23
14,60,1268,60
15,20,954,20
16,94,1351,94
17,41,744,41
18,73,1088,73
19,10,1249,10
20,44,1396,44
21,57,517,57
22,24,543,24
23,98,570,98
24,50,1394,50
25,48,1143,48
26,88,862,88
27,95,665,95
28,84,1347,84
29,89,906,89
30,40,650,40
31,69,819,69
32,28,780,28
33,65,817,65
34,72,578,72
35,72,762,72
36,69,540,69
37,91,529,91
38,17,1245,17
39,36,1428,36
40,64,808,64
41,75,1337,75
42,47,1498,47
43,38,706,38
44,52,1222,52
45,62,1497,62
46,24,1457,24
47,41,518,41
48,38,1103,38
49,85,661,85
50,100,1469,100
51,30,1240,30
52,43,797,43
53,73,1367,73
54,55,1333,55
55,71,788,71
56,57,992,57
57,50,1332,50
58,57,1068,57
59,41,1444,41
60,20,529,20
61,62,1407,62
62,18,1258,18
63,66,577,66
64,48,1171,48
65,29,962,29
66,95,1001,95
67,57,828,57
68,87,1139,87
69,82,615,82
70,20,1359,20
71,10,783,10
72,39,1119,39
73,49,1462,49
74,16,864,16
75,30,769,30
76,36,814,36
77,96,641,96
78,94,558,94
79,24,1392,24
80,29,958,29
81,65,1378,65
82,92,1030,92
83,90,553,90
84,63,932,63
85,11,1097,11
86,85,1380,85
87,85,1048,85
88,76,1400,76
89,79,1374,79
90,79,1232,79
91,77,1237,77
92,39,586,39
93,56,1116,56
94,59,1452,59
95,33,809,33
96,93,1246,93
97,70,1145,70
98,52,1336,52
99,79,883,79
100,21,818,21
1,66,1441,66
2,31,1143,31
3,83,605,83
1,29,1073,29
2,68,663,68
3,74,1259,74
4,86,764,86
5,72,1360,72
6,29,725,29
7,71,1210,71
8,60,525,60
9,74,917,74
10,73,1185,73
1,77,947,77
2,91,1386,91
3,32,629,32
4,27,688,27
5,59,595,59
6,56,1047,56
7,18,817,18
8,89,657,89
9,23,960,23
10,68,654,68
1,86,1372,86
2,88,1103,88
3,35,722,35
4,63,505,63
5,30,1452,30
6,49,666,49
7,51,573,51
8,35,1023,35
9,14,613,14
10,51,1144,51
11,24,741,24
12,19,1164,19
13,40,1081,40
14,38,590,38
15,84,1010,84
16,92,1223,92
17,50,978,50
18,88,1102,88
19,49,1019,49
20,21,1023,21
21,12,1451,12
22,73,901,73
23,10,719,10
24,33,507,33
25,88,1475,88
26,46,633,46
27,73,1035,73
28,35,1329,35
29,76,750,76
30,51,1374,51
31,98,1487,98
32,46,1157,46
33,84,1009,84
34,16,570,16
35,34,1017,34
36,14,1360,14
37,82,650,82
38,54,922,54
39,59,1324,59
40,96,1047,96
41,66,1188,66
42,100,1290,100
43,29,953,29
44,52,971,52
45,72,623,72
46,69,1041,69
47,36,1006,36
48,47,737,47
49,80,690,80
50,85,1470,85
51,80,1404,80
52,11,734,11
53,75,841,75
54,14,1016,14
55,31,729,31
56,59,822,59
57,41,1277,41
58,34,630,34
59,67,942,67
60,69,1226,69
61,87,1063,87
62,16,764,16
63,78,549,78
64,26,969,26
65,24,1442,24
66,14,1093,14
67,43,749,43
68,40,766,40
69,76,1353,76
70,40,846,40
71,71,979,71
72,44,777,44
73,77,1454,77
74,76,1403,76
75,25,800,25
76,40,1306,40
77,66,1274,66
78,93,928,93
79,58,1177,58
80,92,859,92
81,81,909,81
82,46,1276,46
83,79,906,79
84,50,1422,50
85,11,1143,11
86,69,683,69
87,89,1182,89
88,51,1071,51
89,62,1119,62
90,78,1466,78
91,56,941,56
92,77,732,77
93,95,516,95
94,90,693,90
95,32,1420,32
96,48,926,48
97,81,1439,81
98,77,592,77
99,50,1315,50
100,82,1462,82
1,84,1436,84
2,19,1264,19
3,80,1016,80
4,80,677,80
5,46,1054,46
6,17,663,17
7,22,1417,22
8,14,1082,14
9,65,1263,65
10,26,890,26
1,43,773,43
1,84,702,84
1,81,1351,81
1,69,773,69
1,69,773,69
1,20,556,20
1,61,653,61
1,100,681,100
1,76,990,76
1,39,504,39
1,27,523,27
1,57,1343,57
1,57,1343,57
1,11,676,11
1,33,715,33
1,24,1094,24
1,69,1397,69
2,53,1265,53
3,63,1298,63
4,92,1065,92
5,66,809,66
6,46,674,46
7,76,866,76
8,97,953,97
9,83,912,83
10,19,1125,19
1,75,1033,75
2,94,607,94
3,90,1269,90
4,19,1133,19
5,75,1436,75
6,32,1445,32
7,46,1461,46
8,64,1330,64
9,97,521,97
10,13,1024,13
1,42,635,42
2,76,758,76
3,63,1311,63
4,98,1460,98
5,67,1186,67
6,36,763,36
7,71,1342,71
8,83,643,83
9,44,1157,44
10,25,572,25
1,17,652,17
2,43,1126,43
3,21,1320,21
4,40,1413,40
5,37,1298,37
6,57,794,57
7,23,1167,23
8,30,1225,30
9,40,1111,40
10,87,1384,87
1,70,935,70
2,77,1272,77
3,92,904,92
4,82,661,82
5,83,748,83
6,76,898,76
7,53,803,53
8,90,808,90
9,39,659,39
10,44,1225,44
1,36,1247,36
2,66,907,66
3,16,1367,16
4,100,619,100
5,12,674,12
6,48,1234,48
7,47,1208,47
8,94,665,94
9,27,1327,27
10,52,600,52
1,63,616,63
2,16,590,16
3,24,1128,24
4,51,1366,51
5,76,1006,76
6,63,705,63
7,27,1400,27
8,37,692,37
9,30,971,30
10,66,794,66
11,96,694,96
12,95,1447,95
13,39,1432,39
14,54,1410,54
15,91,1411,91
16,20,1293,20
17,30,887,30
18,26,521,26
19,82,923,82
20,18,1409,18
21,11,602,11
22,95,918,95
23,31,1001,31
24,20,730,20
25,68,585,68
26,44,580,44
27,19,1492,19
28,90,575,90
29,37,912,37
30,25,744,25
31,34,1126,34
32,44,926,44
33,100,1439,100
34,56,1188,56
35,78,1399,78
36,66,704,66
37,23,597,23
38,55,935,55
39,49,613,49
40,10,657,10
41,58,1208,58
42,86,1089,86
43,78,780,78
44,77,1066,77
45,42,891,42
46,50,600,50
47,62,1079,62
48,87,1069,87
49,36,1181,36
50,69,1321,69
51,23,1286,23
52,78,861,78
53,84,868,84
54,93,680,93
55,13,583,13
56,44,978,44
57,52,1317,52
58,27,969,27
59,98,1280,98
60,40,870,40
61,46,1414,46
62,30,615,30
63,86,1485,86
64,26,781,26
65,88,1460,88
66,53,873,53
67,73,1335,73
68,77,1469,77
69,40,1350,40
70,67,798,67
71,57,1268,57
72,51,1027,51
73,44,1361,44
74,76,909,76
75,55,646,55
76,41,512,41
77,66,1030,66
78,55,676,55
79,66,1419,66
80,44,1211,44
81,57,1061,57
82,72,862,72
83,11,1083,11
84,65,632,65
85,23,933,23
86,15,878,15
87,13,716,13
88,31,663,31
89,47,876,47
90,96,1364,96
91,89,1494,89
92,36,1457,36
93,29,671,29
94,26,1460,26
95,46,757,46
96,88,634,88
97,81,1304,81
98,61,515,61
99,52,929,52
100,12,1314,12
1,62,1072,62
2,14,854,14
3,32,1141,32
4,46,1164,46
5,65,643,65
6,62,634,62
7,83,951,83
8,19,761,19
9,35,1163,35
10,31,1448,31
11,12,661,12
12,94,924,94
13,87,912,87
14,31,1269,31
15,21,1046,21
16,32,1187,32
17,27,843,27
18,97,1331,97
19,17,733,17
20,75,661,75
21,58,814,58
22,99,1293,99
23,45,1220,45
24,89,1338,89
25,10,532,10
26,65,600,65
27,12,1310,12
28,34,812,34
29,16,1421,16
30,80,822,80
31,71,699,71
32,60,690,60
33,33,1352,33
34,49,520,49
35,76,800,76
36,43,1497,43
37,24,777,24
38,32,1455,32
39,36,578,36
40,50,903,50
41,25,1245,25
42,48,790,48
43,86,983,86
44,94,1205,94
45,71,1330,71
46,22,894,22
47,43,931,43
48,71,516,71
49,75,1311,75
50,73,1299,73
51,16,777,16
52,66,805,66
53,21,1478,21
54,42,1489,42
55,54,1161,54
56,35,869,35
57,21,606,21
58,36,839,36
59,84,624,84
60,26,1117,26
61,17,1421,17
62,47,1184,47
63,72,1420,72
64,99,1226,99
65,57,926,57
66,22,1467,22
67,33,1077,33
68,96,880,96
69,80,1148,80
70,28,1216,28
71,26,1429,26
72,39,1481,39
73,59,1182,59
74,75,1235,75
75,31,1167,31
76,80,785,80
77,71,618,71
78,74,628,74
79,90,614,90
80,33,819,33
81,36,1045,36
82,31,809,31
83,71,778,71
84,53,930,53
85,91,1228,91
86,70,832,70
87,76,1171,76
88,17,1421,17
89,75,625,75
90,20,1436,20
91,17,1030,17
92,32,741,32
93,75,1127,75
94,38,522,38
95,74,539,74
96,83,1216,83
97,25,552,25
98,61,691,61
99,95,793,95
100,23,1182,23
