1,45,1397,45
2,19,616,19
3,67,1117,67
4,16,614,16
5,97,818,97
6,63,1465,63
1,26,605,26
2,21,823,21
3,49,1365,49
4,46,1079,46
5,56,883,56
6,97,1180,97
7,51,1205,51
8,32,922,32
9,28,505,28
10,45,1278,45
1,63,755,63
2,88,963,88
3,13,967,13
4,12,1166,12
5,86,1247,86
6,80,796,80
7,55,517,55
8,32,1240,32
9,50,810,50
10,84,617,84
11,91,901,91
12,28,1051,28
13,36,528,36
14,53,1475,53
15,17,1238,17
16,86,650,86
17,25,1114,25
18,49,1015,49
19,56,1313,56
20,26,795,26
21,84,1418,84
22,100,776,100
23,46,1171,46
24,55,1435,55
25,44,1291,44
26,44,524,44
27,30,692,30
28,18,1453,18
29,85,1178,85
30,25,1140,25
31,20,1138,20
32,82,761,82
33,57,642,57
34,96,731,96
35,34,1154,34
36,61,1246,61
37,99,1175,99
38,56,1193,56
39,63,1089,63
40,59,864,59
41,59,791,59
42,27,1209,27
43,89,1417,89
44,80,948,80
45,53,678,53
46,26,1184,26
47,82,722,82
48,11,599,11
49,34,696,34
50,75,1083,75
51,93,831,93
52,90,1188,90
53,73,1446,73
54,78,825,78
55,50,1269,50
56,12,959,12
57,100,721,100
58,40,698,40
59,49,719,49
60,45,1295,45
61,89,981,89
62,46,793,46
63,79,1161,79
64,53,695,53
65,45,874,45
66,23,840,23
67,42,577,42
68,78,1217,78
69,80,709,80
70,48,1006,48
71,79,587,79
72,55,1425,55
73,39,1099,39
74,71,595,71
75,50,726,50
76,86,1066,86
77,60,865,60
78,35,1134,35
79,14,1352,14
80,43,548,43
81,38,1261,38
82,18,700,18
83,30,905,30
84,62,1431,62
85,69,908,69
86,63,1399,63
87,37,1415,37
88,59,681,59
89,31,545,31
90,48,1396,48
91,57,693,57
92,47,1312,47
93,81,724,81
94,32,1043,32
95,45,1185,45
96,75,1295,75
97,29,1242,29
98,93,615,93
99,98,582,98
100,52,1349,52
1,11,1329,11
2,26,703,26
1,82,681,82
2,45,1005,45
3,72,765,72
4,96,1000,96
5,73,1324,73
6,15,1095,15
7,66,642,66
8,41,1410,41
9,86,1188,86
10,70,1431,70
1,57,696,57
2,31,1414,31
3,76,948,76
4,17,592,17
5,69,789,69
6,21,589,21
7,56,526,56
8,50,873,50
9,57,1499,57
10,24,1235,24
1,14,1068,14
2,81,1438,81
3,19,596,19
4,90,1452,90
5,25,682,25
6,15,608,15
7,47,1349,47
8,27,1216,27
9,31,867,31
10,39,773,39
11,77,579,77
12,55,543,55
13,49,886,49
14,25,1122,25
15,64,765,64
16,43,840,43
17,47,1210,47
18,31,610,31
19,21,1175,21
20,79,1197,79
21,79,959,79
22,71,1105,71
23,37,1470,37
24,79,1004,79
25,86,1191,86
26,60,1312,60
27,55,520,55
28,86,568,86
29,29,1033,29
30,27,1440,27
31,17,745,17
32,75,1295,75
33,57,1413,57
34,15,589,15
35,66,1221,66
36,52,830,52
37,17,815,17
38,79,919,79
39,48,527,48
40,35,935,35
41,81,888,81
42,42,756,42
43,73,1342,73
44,22,1242,22
45,71,1010,71
46,19,517,19
47,10,762,10
48,38,662,38
49,42,686,42
50,22,1035,22
51,37,772,37
52,97,995,97
53,90,1214,90
54,88,835,88
55,27,983,27
56,85,1482,85
57,96,955,96
58,28,885,28
59,78,677,78
60,91,979,91
61,16,1333,16
62,53,1343,53
63,41,1281,41
64,88,1289,88
65,10,1055,10
66,49,1221,49
67,53,652,53
68,38,1212,38
69,85,681,85
70,31,934,31
71,27,956,27
72,31,1486,31
73,85,1431,85
74,78,618,78
75,87,1237,87
76,13,861,13
77,31,1128,31
78,96,1397,96
79,78,539,78
80,87,883,87
81,37,605,37
82,24,701,24
83,12,1221,12
84,48,662,48
85,50,654,50
86,18,725,18
87,40,628,40
88,94,586,94
89,36,682,36
90,70,1486,70
91,91,1082,91
92,85,1351,85
93,79,816,79
94,67,1386,67
95,17,1033,17
96,65,1398,65
97,61,1196,61
98,29,604,29
99,55,765,55
100,66,1241,66
1,20,696,20
2,73,1390,73
3,26,1486,26
4,26,1204,26
5,40,653,40
6,43,1292,43
7,18,910,18
8,92,658,92
9,43,726,43
10,63,1425,63
1,46,1129,46
1,96,1283,96
1,88,722,88
1,13,1400,13
1,13,1400,13
1,42,950,42
1,44,644,44
1,89,1261,89
1,78,1100,78
1,35,956,35
1,56,1025,56
1,25,960,25
1,25,960,25
1,30,1154,30
1,80,1230,80
1,95,1262,95
1,17,1320,17
2,98,1254,98
3,27,758,27
4,99,1040,99
5,37,945,37
6,46,1083,46
7,47,515,47
8,98,1368,98
9,36,1255,36
10,89,1046,89
1,81,1099,81
2,61,1496,61
3,10,1441,10
4,49,779,49
5,31,552,31
6,60,1148,60
7,77,647,77
8,91,1148,91
9,93,1177,93
10,57,783,57
1,78,562,78
2,75,847,75
3,35,853,35
4,87,1201,87
5,73,1231,73
6,26,739,26
7,45,1055,45
8,57,1145,57
9,28,665,28
10,66,1009,66
1,78,776,78
2,84,764,84
3,56,870,56
4,84,1228,84
5,90,647,90
6,86,1418,86
7,19,605,19
8,35,571,35
9,41,531,41
10,80,1486,80
1,96,537,96
2,26,890,26
3,71,766,71
4,99,1479,99
5,88,733,88
6,40,763,40
7,44,609,44
8,89,671,89
9,43,836,43
10,17,843,17
1,26,1336,26
2,98,1052,98
3,54,511,54
4,70,1498,70
5,73,1130,73
6,60,1035,60
7,57,610,57
8,80,1438,80
9,53,1047,53
10,90,1246,90
1,77,558,77
2,85,1076,85
3,62,1441,62
4,13,841,13
5,87,786,87
6,26,560,26
7,42,912,42
8,11,894,11
9,19,1498,19
10,27,1004,27
11,62,1484,62
12,87,918,87
13,87,1267,87
14,16,971,16
15,95,1458,95
16,57,1011,57
17,56,1051,56
18,93,1099,93
19,88,854,88
20,27,643,27
21,50,509,50
22,63,1323,63
23,86,795,86
24,27,974,27
25,38,948,38
26,70,519,70
27,96,1203,96
28,15,1261,15
29,38,1233,38
30,98,1446,98
31,21,537,21
32,46,760,46
33,77,824,77
34,93,815,93
35,78,1432,78
36,54,530,54
37,85,1465,85
38,93,1451,93
39,37,851,37
40,55,911,55
41,55,720,55
42,100,1344,100
43,34,575,34
44,46,591,46
45,84,1493,84
46,12,932,12
47,13,1366,13
48,74,1492,74
49,64,514,64
50,11,793,11
51,98,612,98
52,22,913,22
53,28,742,28
54,25,1349,25
55,55,1151,55
56,47,643,47
57,98,1108,98
58,12,1309,12
59,78,1247,78
60,25,1497,25
61,11,1153,11
62,46,973,46
63,17,1131,17
64,12,853,12
65,38,590,38
66,78,1157,78
67,43,910,43
68,75,535,75
69,24,1321,24
70,15,1156,15
71,17,1311,17
72,23,789,23
73,85,1112,85
74,79,1282,79
75,44,1164,44
76,58,522,58
77,27,1081,27
78,63,1008,63
79,95,814,95
80,34,749,34
81,57,510,57
82,59,1372,59
83,70,1056,70
84,67,864,67
85,12,1471,12
86,100,582,100
87,15,701,15
88,24,942,24
89,10,749,10
90,82,900,82
91,44,887,44
92,31,1378,31
93,100,599,100
94,10,791,10
95,42,1144,42
96,76,1319,76
97,42,1240,42
98,75,623,75
99,24,1328,24
100,33,864,33
1,77,1484,77
2,93,538,93
3,43,1317,43
4,22,1436,22
5,17,1261,17
6,39,1304,39
7,93,998,93
8,12,1181,12
9,60,804,60
10,15,1342,15
11,42,1322,42
12,54,896,54
13,95,1289,95
14,15,1365,15
15,98,699,98
16,67,640,67
17,91,1162,91
18,97,723,97
19,35,553,35
20,60,1465,60
21,14,947,14
22,70,1079,70
23,38,1474,38
24,84,1016,84
25,24,921,24
26,80,659,80
27,79,1012,79
28,10,770,10
29,63,1156,63
30,39,926,39
31,49,1338,49
32,41,515,41
33,69,1366,69
34,40,602,40
35,98,540,98
36,79,1326,79
37,42,843,42
38,24,778,24
39,57,1390,57
40,35,1431,35
41,96,1394,96
42,60,645,60
43,76,768,76
44,34,547,34
45,83,1257,83
46,89,673,89
47,26,725,26
48,73,1282,73
49,68,810,68
50,97,1337,97
51,51,922,51
52,16,758,16
53,34,618,34
54,50,905,50
55,34,1208,34
56,12,988,12
57,91,630,91
58,51,613,51
59,55,1290,55
60,38,761,38
61,72,1006,72
62,23,1125,23
63,57,1155,57
64,71,634,71
65,97,978,97
66,80,1215,80
67,34,596,34
68,66,1453,66
69,32,566,32
70,83,1457,83
71,39,1293,39
72,31,660,31
73,84,1342,84
74,59,1230,59
75,51,1497,51
76,29,658,29
77,36,522,36
78,27,587,27
79,56,1033,56
80,19,525,19
81,54,838,54
82,57,1030,57
83,83,751,83
84,32,562,32
85,77,1288,77
86,62,1253,62
87,83,742,83
88,30,997,30
89,19,1364,19
90,87,1498,87
91,73,1487,73
92,97,1475,97
93,56,1145,56
94,71,689,71
95,77,1156,77
96,30,861,30
97,80,635,80
98,66,1083,66
99,41,1348,41
100,89,611,89
