1,96,895,96
2,78,1473,78
3,77,1451,77
4,34,668,34
5,17,716,17
6,16,979,16
7,93,605,93
1,28,1234,28
2,16,1451,16
3,36,530,36
4,22,1151,22
5,11,572,11
6,64,616,64
7,38,705,38
8,54,1435,54
9,27,970,27
10,48,1098,48
1,82,1374,82
1,92,776,92
2,88,1397,88
3,51,1266,51
4,41,898,41
5,12,723,12
6,98,1395,98
7,83,881,83
8,45,751,45
9,28,1415,28
10,78,935,78
11,52,828,52
12,72,734,72
13,51,1097,51
14,27,699,27
15,86,992,86
16,97,560,97
17,72,1080,72
18,13,1460,13
19,50,768,50
20,84,909,84
21,48,880,48
22,16,1006,16
23,43,1084,43
24,37,819,37
25,91,1360,91
26,66,1184,66
27,66,990,66
28,14,1428,14
29,76,721,76
30,91,1148,91
31,18,1303,18
32,15,934,15
33,30,1287,30
34,31,1070,31
35,48,1093,48
36,18,1473,18
37,32,877,32
38,65,882,65
39,89,715,89
40,24,1204,24
41,82,728,82
42,40,1442,40
43,89,1107,89
44,22,652,22
45,46,1213,46
46,48,559,48
47,23,721,23
48,27,1148,27
49,85,1489,85
50,91,1030,91
51,48,598,48
52,41,1462,41
53,97,851,97
54,52,1109,52
55,90,743,90
56,75,1362,75
57,74,1280,74
58,59,558,59
59,28,677,28
60,41,1001,41
61,87,1259,87
62,47,1211,47
63,43,738,43
64,15,1155,15
65,49,1054,49
66,44,866,44
67,23,550,23
68,24,831,24
69,89,1300,89
70,20,549,20
71,49,1250,49
72,70,539,70
73,87,1360,87
74,54,615,54
75,30,748,30
76,21,718,21
77,100,605,100
78,67,1075,67
79,28,1082,28
80,41,823,41
81,25,795,25
82,47,1104,47
83,54,981,54
84,31,541,31
85,100,1229,100
86,76,1306,76
87,59,667,59
88,74,546,74
89,29,1147,29
90,28,587,28
91,99,1202,99
92,35,1421,35
93,35,1482,35
94,83,1053,83
95,45,1371,45
96,62,1371,62
97,12,689,12
98,77,717,77
99,62,786,62
100,65,1471,65
1,13,500,13
2,57,814,57
3,78,809,78
1,98,1021,98
2,54,1357,54
3,82,1304,82
4,42,1042,42
5,63,516,63
6,34,1292,34
7,13,1024,13
8,39,1289,39
9,29,804,29
10,80,635,80
1,49,1307,49
2,17,1342,17
3,89,1237,89
4,39,1333,39
5,84,500,84
6,55,1394,55
7,51,519,51
8,55,1300,55
9,67,1398,67
10,62,910,62
1,46,775,46
2,72,1165,72
3,40,886,40
4,56,677,56
5,53,1445,53
6,59,896,59
7,58,1069,58
8,71,637,71
9,100,1040,100
10,27,577,27
11,91,773,91
12,32,1143,32
13,93,906,93
14,76,1177,76
15,69,1462,69
16,45,657,45
17,71,1400,71
18,61,827,61
19,36,998,36
20,12,870,12
21,90,745,90
22,83,1203,83
23,93,729,93
24,48,1280,48
25,64,1247,64
26,83,613,83
27,51,1331,51
28,88,1482,88
29,69,805,69
30,84,777,84
31,26,1202,26
32,10,756,10
33,49,948,49
34,18,1066,18
35,73,1174,73
36,31,772,31
37,24,1393,24
38,49,1004,49
39,36,1076,36
40,14,1392,14
41,53,670,53
42,50,697,50
43,49,1068,49
44,74,1110,74
45,82,1086,82
46,87,1002,87
47,85,918,85
48,65,688,65
49,86,907,86
50,66,645,66
51,39,1117,39
52,64,1067,64
53,35,1406,35
54,63,1270,63
55,25,648,25
56,85,1385,85
57,27,719,27
58,95,611,95
59,46,822,46
60,37,962,37
61,78,578,78
62,36,1045,36
63,92,889,92
64,87,1102,87
65,53,508,53
66,19,714,19
67,14,1022,14
68,44,1305,44
69,43,948,43
70,62,1193,62
71,51,571,51
72,59,947,59
73,14,764,14
74,10,978,10
75,90,925,90
76,71,882,71
77,50,704,50
78,95,828,95
79,34,935,34
80,27,1432,27
81,30,1132,30
82,16,1354,16
83,60,937,60
84,89,793,89
85,24,1478,24
86,93,1136,93
87,71,1078,71
88,93,1146,93
89,61,1272,61
90,79,630,79
91,92,1120,92
92,100,1490,100
93,89,1175,89
94,49,723,49
95,58,552,58
96,100,808,100
97,31,947,31
98,100,1275,100
99,48,1240,48
100,95,619,95
1,51,954,51
2,93,1127,93
3,57,1173,57
4,11,1084,11
5,47,794,47
6,99,792,99
7,39,893,39
8,51,565,51
9,81,937,81
10,95,1087,95
1,51,1021,51
1,53,725,53
1,21,1390,21
1,66,1223,66
1,66,1223,66
1,52,616,52
1,95,1332,95
1,76,1069,76
1,26,985,26
1,84,968,84
1,62,702,62
1,13,923,13
1,13,923,13
1,70,1291,70
1,65,1236,65
1,44,662,44
1,97,1115,97
2,77,1300,77
3,94,934,94
4,74,655,74
5,62,1294,62
6,49,1334,49
7,80,1346,80
8,85,745,85
9,43,1468,43
10,71,1413,71
1,39,1332,39
2,97,823,97
3,38,1237,38
4,51,536,51
5,80,647,80
6,89,543,89
7,55,921,55
8,22,544,22
9,52,676,52
10,35,654,35
1,66,642,66
2,35,1320,35
3,31,1372,31
4,42,1328,42
5,84,1391,84
6,51,1016,51
7,25,1158,25
8,96,730,96
9,11,754,11
10,34,767,34
1,98,1288,98
2,51,1482,51
3,47,1303,47
4,87,941,87
5,93,1384,93
6,100,1052,100
7,40,942,40
8,31,1396,31
9,20,922,20
10,67,1425,67
1,12,1244,12
2,96,1499,96
3,18,1385,18
4,81,970,81
5,38,1202,38
6,48,544,48
7,94,1271,94
8,12,834,12
9,30,669,30
10,84,797,84
1,56,857,56
2,42,621,42
3,70,750,70
4,85,1007,85
5,51,1021,51
6,68,1428,68
7,53,1141,53
8,72,768,72
9,15,1088,15
10,22,950,22
1,45,525,45
2,44,1127,44
3,53,872,53
4,87,633,87
5,62,931,62
6,72,788,72
7,78,598,78
8,27,1385,27
9,43,770,43
10,75,593,75
11,40,879,40
12,92,1197,92
13,34,1268,34
14,41,1243,41
15,47,1124,47
16,100,1241,100
17,91,1367,91
18,56,1163,56
19,15,748,15
20,54,1285,54
21,20,635,20
22,83,969,83
23,96,1347,96
24,92,750,92
25,98,969,98
26,69,837,69
27,62,564,62
28,29,1305,29
29,58,1384,58
30,11,713,11
31,47,1003,47
32,24,587,24
33,10,1370,10
34,43,1124,43
35,12,1209,12
36,100,722,100
37,63,1458,63
38,82,1499,82
39,10,1014,10
40,60,611,60
41,37,1289,37
42,57,1011,57
43,18,922,18
44,16,781,16
45,87,587,87
46,19,547,19
47,73,636,73
48,63,795,63
49,12,1340,12
50,71,539,71
51,43,905,43
52,57,667,57
53,60,1458,60
54,77,1308,77
55,31,807,31
56,71,574,71
57,87,1468,87
58,31,951,31
59,14,1219,14
60,72,1493,72
61,15,904,15
62,23,598,23
63,45,639,45
64,22,1467,22
65,20,1085,20
66,68,595,68
67,77,916,77
68,68,1444,68
69,14,626,14
70,72,924,72
71,72,804,72
72,34,1458,34
73,54,829,54
74,30,1263,30
75,75,1417,75
76,98,1278,98
77,24,1054,24
78,27,848,27
79,87,577,87
80,44,1268,44
81,29,1075,29
82,87,717,87
83,77,879,77
84,51,581,51
85,41,1449,41
86,96,753,96
87,18,1409,18
88,44,1401,44
89,28,1064,28
90,27,1380,27
91,85,1059,85
92,60,747,60
93,12,1454,12
94,74,1051,74
95,82,1452,82
96,56,742,56
97,100,728,100
98,81,1316,81
99,42,1087,42
100,27,1239,27
1,85,544,85
2,48,1325,48
3,27,994,27
4,20,1069,20
5,78,1149,78
6,24,1067,24
7,19,660,19
8,12,1034,12
9,66,630,66
10,43,951,43
11,10,900,10
12,29,1420,29
13,74,650,74
14,10,865,10
15,94,510,94
16,15,744,15
17,74,864,74
18,43,556,43
19,21,1331,21
20,17,1086,17
21,54,776,54
22,53,843,53
23,30,1473,30
24,46,530,46
25,99,1293,99
26,88,517,88
27,100,601,100
28,38,1289,38
29,52,1131,52
30,74,1117,74
31,69,1041,69
32,19,821,19
33,50,950,50
34,40,914,40
35,34,696,34
36,64,1282,64
37,32,512,32
38,25,1061,25
39,99,706,99
40,79,1457,79
41,20,522,20
42,10,849,10
43,22,1050,22
44,83,900,83
45,29,619,29
46,93,1289,93
47,36,608,36
48,39,1097,39
49,77,818,77
50,22,587,22
51,40,1161,40
52,47,1333,47
53,52,895,52
54,72,1107,72
55,35,1033,35
56,64,842,64
57,29,1027,29
58,54,515,54
59,61,1081,61
60,24,1413,24
61,95,853,95
62,50,938,50
63,40,1072,40
64,99,992,99
65,89,969,89
66,92,968,92
67,14,1279,14
68,56,537,56
69,13,1433,13
70,63,1289,63
71,17,767,17
72,72,882,72
73,94,1099,94
74,24,591,24
75,21,800,21
76,97,567,97
77,49,1458,49
78,50,585,50
79,80,584,80
80,39,558,39
81,63,1336,63
82,69,544,69
83,84,853,84
84,21,1130,21
85,58,1089,58
86,14,711,14
87,94,895,94
88,38,1264,38
89,85,1298,85
90,37,592,37
91,15,1278,15
92,56,1122,56
93,50,580,50
94,48,1122,48
95,58,615,58
96,30,1481,30
97,40,657,40
98,36,643,36
99,50,829,50
100,70,1434,70
