1,58,1437,58
2,53,1437,53
3,77,742,77
4,77,1407,77
5,65,904,65
6,64,824,64
1,50,835,50
2,23,1448,23
3,49,667,49
4,79,789,79
5,36,963,36
6,77,919,77
7,38,1237,38
8,21,805,21
9,77,618,77
10,70,957,70
1,98,998,98
2,86,1203,86
3,57,672,57
4,84,821,84
5,84,1008,84
6,42,1151,42
7,46,1028,46
8,61,1294,61
9,95,842,95
10,25,760,25
11,25,1329,25
12,71,513,71
13,100,1401,100
14,58,1027,58
15,64,883,64
16,37,703,37
17,75,723,75
18,27,978,27
19,16,928,16
20,17,1317,17
21,82,1219,82
22,11,1399,11
23,57,1082,57
24,15,1269,15
25,48,1189,48
26,48,1469,48
27,31,914,31
28,28,1425,28
29,50,1033,50
30,47,1374,47
31,11,643,11
32,96,735,96
33,52,755,52
34,100,1093,100
35,78,1093,78
36,90,692,90
37,67,853,67
38,81,1435,81
39,31,1317,31
40,94,1377,94
41,29,1356,29
42,22,1056,22
43,91,962,91
44,44,1091,44
45,36,558,36
46,97,808,97
47,96,518,96
48,54,1081,54
49,84,1310,84
50,84,907,84
51,88,1261,88
52,96,505,96
53,83,1259,83
54,45,1199,45
55,21,677,21
56,59,809,59
57,66,998,66
58,97,1347,97
59,63,1495,63
60,93,1279,93
61,49,841,49
62,77,1349,77
63,29,1465,29
64,40,896,40
65,97,572,97
66,25,1302,25
67,91,965,91
68,87,1496,87
69,28,884,28
70,53,1292,53
71,11,932,11
72,19,1216,19
73,80,983,80
74,84,1413,84
75,76,1469,76
76,75,1306,75
77,54,965,54
78,87,695,87
79,34,1250,34
80,27,741,27
81,72,1025,72
82,45,1184,45
83,43,808,43
84,82,1043,82
85,73,736,73
86,64,804,64
87,93,1305,93
88,30,1147,30
89,48,842,48
90,91,1378,91
91,20,580,20
92,34,534,34
93,17,502,17
94,28,700,28
95,40,1351,40
96,73,913,73
97,17,566,17
98,94,1373,94
99,24,1306,24
100,95,1237,95
1,84,769,84
2,81,873,81
1,99,957,99
2,50,875,50
3,62,1072,62
4,55,1024,55
5,24,602,24
6,52,1321,52
7,12,865,12
8,76,967,76
9,59,1382,59
10,12,967,12
1,80,955,80
2,100,872,100
3,40,512,40
4,71,1139,71
5,78,1401,78
6,97,984,97
7,71,709,71
8,43,1306,43
9,53,1185,53
10,24,811,24
1,66,702,66
2,64,1268,64
3,25,1071,25
4,35,1461,35
5,53,1043,53
6,18,1033,18
7,88,1091,88
8,95,1202,95
9,15,1317,15
10,25,875,25
11,78,782,78
12,22,1398,22
13,42,522,42
14,22,1499,22
15,61,1361,61
16,73,1221,73
17,31,1239,31
18,53,648,53
19,32,674,32
20,99,591,99
21,98,1049,98
22,79,951,79
23,38,1465,38
24,39,555,39
25,54,1123,54
26,37,819,37
27,69,933,69
28,88,1129,88
29,29,1473,29
30,56,510,56
31,13,907,13
32,87,875,87
33,56,894,56
34,37,884,37
35,95,543,95
36,65,670,65
37,16,760,16
38,70,998,70
39,50,1168,50
40,87,802,87
41,37,1247,37
42,89,677,89
43,79,1469,79
44,78,721,78
45,82,818,82
46,40,872,40
47,98,975,98
48,90,581,90
49,36,1232,36
50,86,839,86
51,56,821,56
52,16,1149,16
53,56,1100,56
54,78,1300,78
55,89,1161,89
56,66,1412,66
57,83,671,83
58,64,1467,64
59,90,1030,90
60,20,1400,20
61,56,1483,56
62,66,1373,66
63,60,674,60
64,23,1280,23
65,55,1480,55
66,77,706,77
67,85,1029,85
68,50,997,50
69,37,1129,37
70,97,1199,97
71,18,828,18
72,75,1202,75
73,49,762,49
74,86,675,86
75,88,1268,88
76,82,675,82
77,62,586,62
78,97,1049,97
79,74,1087,74
80,28,896,28
81,59,1009,59
82,93,774,93
83,16,794,16
84,21,1327,21
85,99,1306,99
86,93,880,93
87,48,1499,48
88,24,1462,24
89,55,974,55
90,57,1183,57
91,29,1309,29
92,58,1404,58
93,13,1494,13
94,30,880,30
95,25,1290,25
96,86,621,86
97,93,1161,93
98,98,1427,98
99,56,1233,56
100,38,912,38
1,26,1026,26
2,73,1048,73
3,22,1044,22
4,15,1006,15
5,50,1077,50
6,46,1451,46
7,79,841,79
8,20,910,20
9,60,1396,60
10,96,1385,96
1,15,723,15
1,33,1088,33
1,51,941,51
1,94,658,94
1,94,658,94
1,81,1044,81
1,92,1089,92
1,43,929,43
1,16,920,16
1,29,563,29
1,75,1120,75
1,60,1261,60
1,60,1261,60
1,52,1309,52
1,32,661,32
1,70,1117,70
1,83,958,83
2,73,771,73
3,23,1230,23
4,59,1390,59
5,64,670,64
6,10,1213,10
7,74,731,74
8,31,1141,31
9,16,861,16
10,66,1104,66
1,16,621,16
2,39,928,39
3,32,824,32
4,12,1299,12
5,14,698,14
6,46,1030,46
7,40,852,40
8,28,1023,28
9,29,583,29
10,35,676,35
1,29,1173,29
2,86,673,86
3,82,787,82
4,57,1205,57
5,84,1008,84
6,59,921,59
7,78,607,78
8,84,835,84
9,85,598,85
10,38,1302,38
1,68,982,68
2,54,1327,54
3,13,812,13
4,65,739,65
5,70,1403,70
6,98,1131,98
7,11,1276,11
8,96,552,96
9,91,1453,91
10,41,602,41
1,27,1050,27
2,26,1219,26
3,100,1310,100
4,14,1490,14
5,56,1170,56
6,12,1348,12
7,41,991,41
8,90,1003,90
9,46,1310,46
10,90,1243,90
1,20,1372,20
2,61,1489,61
3,65,674,65
4,31,582,31
5,58,632,58
6,41,726,41
7,83,1451,83
8,42,1135,42
9,26,878,26
10,46,1416,46
1,72,1335,72
2,42,948,42
3,14,510,14
4,62,1172,62
5,22,794,22
6,31,814,31
7,97,686,97
8,12,691,12
9,10,1291,10
10,53,1354,53
11,90,1082,90
12,35,546,35
13,76,672,76
14,10,1088,10
15,54,1259,54
16,10,1055,10
17,80,1188,80
18,30,1241,30
19,75,910,75
20,13,1239,13
21,44,897,44
22,88,1422,88
23,25,869,25
24,76,1263,76
25,94,878,94
26,46,1371,46
27,64,833,64
28,80,771,80
29,73,755,73
30,30,1247,30
31,46,589,46
32,49,1281,49
33,89,960,89
34,15,607,15
35,95,551,95
36,27,582,27
37,54,1243,54
38,85,757,85
39,38,914,38
40,80,1379,80
41,21,1476,21
42,23,1113,23
43,56,1307,56
44,72,639,72
45,58,759,58
46,72,560,72
47,30,782,30
48,64,971,64
49,22,1478,22
50,88,535,88
51,30,1458,30
52,60,590,60
53,24,1481,24
54,63,1117,63
55,15,777,15
56,60,1384,60
57,96,829,96
58,95,526,95
59,37,813,37
60,19,972,19
61,93,742,93
62,57,923,57
63,68,1135,68
64,42,1312,42
65,49,827,49
66,33,564,33
67,67,1039,67
68,12,575,12
69,42,1432,42
70,64,1273,64
71,53,1432,53
72,96,943,96
73,69,1406,69
74,33,933,33
75,82,659,82
76,20,710,20
77,37,1469,37
78,16,1194,16
79,34,1300,34
80,45,816,45
81,58,1078,58
82,15,1074,15
83,79,1176,79
84,80,1321,80
85,24,1360,24
86,98,1079,98
87,93,1204,93
88,59,791,59
89,57,636,57
90,59,549,59
91,93,1036,93
92,57,532,57
93,31,1458,31
94,53,1438,53
95,70,741,70
96,61,837,61
97,32,1406,32
98,18,749,18
99,84,1197,84
100,94,1163,94
1,56,815,56
2,73,1449,73
3,40,990,40
4,26,1049,26
5,55,526,55
6,71,1123,71
7,60,1070,60
8,57,883,57
9,41,568,41
10,32,1199,32
11,51,598,51
12,74,1429,74
13,94,1308,94
14,26,1306,26
15,66,658,66
16,12,681,12
17,99,993,99
18,69,845,69
19,54,833,54
20,25,1260,25
21,67,935,67
22,15,816,15
23,71,637,71
24,84,837,84
25,43,1040,43
26,43,1210,43
27,38,675,38
28,62,1486,62
29,27,883,27
30,43,579,43
31,29,615,29
32,93,503,93
33,66,1343,66
34,55,1246,55
35,71,559,71
36,62,565,62
37,83,1098,83
38,93,1402,93
39,43,935,43
40,22,1482,22
41,98,607,98
42,19,1084,19
43,33,985,33
44,100,566,100
45,47,1230,47
46,44,1087,44
47,73,660,73
48,39,886,39
49,70,1455,70
50,67,597,67
51,65,939,65
52,37,908,37
53,11,1130,11
54,100,881,100
55,39,885,39
56,94,804,94
57,23,675,23
58,91,1262,91
59,62,1313,62
60,82,1301,82
61,56,1405,56
62,11,511,11
63,71,1366,71
64,68,620,68
65,90,651,90
66,65,500,65
67,68,1455,68
68,100,510,100
69,15,1202,15
70,72,1178,72
71,83,937,83
72,70,1340,70
73,80,1224,80
74,53,717,53
75,27,878,27
76,17,1293,17
77,22,679,22
78,67,1286,67
79,51,655,51
80,72,849,72
81,45,1496,45
82,82,897,82
83,83,1377,83
84,71,1421,71
85,16,861,16
86,11,1142,11
87,85,519,85
88,43,997,43
89,82,923,82
90,88,771,88
91,99,1017,99
92,27,1034,27
93,90,736,90
94,78,501,78
95,57,1331,57
96,99,1223,99
97,79,772,79
98,87,1269,87
99,15,1022,15
100,55,1437,55
