1,12,849,12
2,76,1213,76
3,13,926,13
4,94,928,94
5,31,818,31
6,95,1171,95
7,41,671,41
1,87,985,87
2,42,1185,42
3,87,854,87
4,54,591,54
5,54,733,54
6,88,544,88
7,60,573,60
8,40,643,40
9,98,929,98
10,43,657,43
1,25,1126,25
2,64,605,64
3,35,587,35
4,35,1195,35
5,88,793,88
6,31,1309,31
7,67,986,67
8,40,835,40
9,48,655,48
10,55,538,55
11,16,1037,16
12,64,1104,64
13,67,643,67
14,34,613,34
15,39,1248,39
16,30,812,30
17,28,1095,28
18,99,1415,99
19,92,775,92
20,29,669,29
21,34,1347,34
22,12,1297,12
23,37,1230,37
24,39,1206,39
25,46,782,46
26,44,1156,44
27,92,739,92
28,34,752,34
29,47,1284,47
30,38,1046,38
31,21,695,21
32,27,518,27
33,93,1055,93
34,39,1200,39
35,96,611,96
36,27,1180,27
37,40,1323,40
38,81,1418,81
39,89,737,89
40,59,888,59
41,14,1361,14
42,100,1474,100
43,23,1466,23
44,51,1121,51
45,31,1299,31
46,21,1228,21
47,48,1383,48
48,41,1022,41
49,98,591,98
50,100,1270,100
51,78,1241,78
52,60,592,60
53,52,1002,52
54,11,976,11
55,99,1151,99
56,62,904,62
57,75,928,75
58,53,665,53
59,89,1490,89
60,59,716,59
61,42,534,42
62,43,808,43
63,87,1377,87
64,27,1184,27
65,15,706,15
66,75,934,75
67,53,1444,53
68,23,1062,23
69,23,1451,23
70,19,660,19
71,87,1281,87
72,76,744,76
73,94,838,94
74,28,579,28
75,10,927,10
76,10,836,10
77,36,1192,36
78,99,585,99
79,23,1370,23
80,40,1449,40
81,12,769,12
82,49,980,49
83,51,1349,51
84,23,1105,23
85,33,1176,33
86,37,1281,37
87,39,768,39
88,88,537,88
89,82,811,82
90,68,1079,68
91,94,895,94
92,95,1350,95
93,63,1035,63
94,72,1031,72
95,75,1408,75
96,78,1254,78
97,100,1453,100
98,31,1338,31
99,62,577,62
100,25,599,25
1,39,1311,39
2,65,1254,65
3,62,870,62
1,13,662,13
2,99,1104,99
3,49,1488,49
4,74,1208,74
5,74,883,74
6,97,1373,97
7,74,1181,74
8,98,718,98
9,69,1223,69
10,49,963,49
1,85,870,85
2,12,798,12
3,33,1481,33
4,22,575,22
5,87,1217,87
6,24,740,24
7,28,1009,28
8,15,1439,15
9,91,545,91
10,51,591,51
1,24,1200,24
2,39,638,39
3,44,1418,44
4,59,1269,59
5,54,1112,54
6,75,1055,75
7,27,891,27
8,41,814,41
9,80,1433,80
10,47,1147,47
11,72,1413,72
12,63,561,63
13,10,526,10
14,94,819,94
15,64,1331,64
16,55,671,55
17,85,1237,85
18,95,1341,95
19,88,844,88
20,44,950,44
21,49,1249,49
22,79,806,79
23,33,1028,33
24,67,768,67
25,62,888,62
26,77,541,77
27,47,1160,47
28,74,1416,74
29,47,980,47
30,71,1344,71
31,36,821,36
32,98,898,98
33,50,1371,50
34,60,873,60
35,86,561,86
36,40,1192,40
37,31,608,31
38,88,733,88
39,35,914,35
40,92,529,92
41,67,1478,67
42,41,865,41
43,29,990,29
44,76,1016,76
45,92,1358,92
46,46,588,46
47,50,968,50
48,96,759,96
49,86,1443,86
50,51,765,51
51,81,890,81
52,58,655,58
53,69,1275,69
54,47,1424,47
55,22,1164,22
56,67,1162,67
57,63,968,63
58,14,1252,14
59,48,647,48
60,35,1417,35
61,88,1079,88
62,94,904,94
63,36,853,36
64,80,512,80
65,32,688,32
66,50,1307,50
67,62,778,62
68,80,673,80
69,12,843,12
70,46,1500,46
71,50,666,50
72,45,913,45
73,19,727,19
74,32,835,32
75,55,664,55
76,18,819,18
77,30,1080,30
78,47,766,47
79,92,907,92
80,41,561,41
81,44,1234,44
82,45,656,45
83,88,1130,88
84,68,928,68
85,30,864,30
86,76,865,76
87,55,523,55
88,34,1310,34
89,54,1213,54
90,72,816,72
91,68,1072,68
92,51,579,51
93,53,783,53
94,34,561,34
95,48,504,48
96,41,813,41
97,70,551,70
98,93,1185,93
99,94,549,94
100,21,703,21
1,100,621,100
2,40,1115,40
3,94,791,94
4,66,1248,66
5,17,931,17
6,37,1184,37
7,57,1446,57
8,48,539,48
9,50,1419,50
10,45,1406,45
1,90,1098,90
1,72,892,72
1,84,1013,84
1,68,828,68
1,68,828,68
1,100,766,100
1,69,774,69
1,61,1480,61
1,47,1337,47
1,100,666,100
1,40,1430,40
1,38,700,38
1,38,700,38
1,60,1141,60
1,61,896,61
1,83,614,83
1,93,1096,93
2,40,605,40
3,55,685,55
4,11,1148,11
5,64,587,64
6,86,1304,86
7,77,627,77
8,26,1492,26
9,90,803,90
10,68,1008,68
1,87,1050,87
2,67,842,67
3,45,533,45
4,79,885,79
5,58,1325,58
6,42,753,42
7,24,1147,24
8,12,614,12
9,38,529,38
10,69,699,69
1,39,938,39
2,65,1231,65
3,11,928,11
4,89,523,89
5,72,718,72
6,29,976,29
7,14,1041,14
8,40,1474,40
9,34,762,34
10,63,976,63
1,74,620,74
2,41,1403,41
3,66,1362,66
4,64,1302,64
5,80,787,80
6,26,903,26
7,62,821,62
8,51,686,51
9,20,784,20
10,22,1466,22
1,12,799,12
2,34,1339,34
3,45,1487,45
4,71,1195,71
5,81,650,81
6,63,1269,63
7,81,1178,81
8,97,507,97
9,17,971,17
10,97,1220,97
1,19,1212,19
2,61,1406,61
3,26,1459,26
4,74,1090,74
5,55,823,55
6,48,1484,48
7,99,1068,99
8,32,1348,32
9,40,922,40
10,60,948,60
1,89,813,89
2,42,846,42
3,98,728,98
4,72,1399,72
5,74,817,74
6,55,1336,55
7,87,740,87
8,99,1213,99
9,27,817,27
10,25,1131,25
11,55,843,55
12,71,1454,71
13,94,1350,94
14,93,1253,93
15,26,1064,26
16,29,525,29
17,15,1342,15
18,73,808,73
19,45,1094,45
20,94,1361,94
21,12,1295,12
22,41,1005,41
23,87,847,87
24,71,1294,71
25,12,1227,12
26,32,579,32
27,17,617,17
28,82,807,82
29,87,1322,87
30,89,556,89
31,45,771,45
32,88,1143,88
33,84,801,84
34,89,819,89
35,90,1193,90
36,75,1101,75
37,12,1429,12
38,34,1232,34
39,16,765,16
40,93,928,93
41,34,1189,34
42,99,543,99
43,74,1287,74
44,92,660,92
45,86,1007,86
46,38,1458,38
47,85,1441,85
48,66,1107,66
49,99,994,99
50,28,1376,28
51,61,633,61
52,63,517,63
53,60,613,60
54,80,996,80
55,84,1470,84
56,40,1496,40
57,47,783,47
58,51,695,51
59,44,1450,44
60,39,920,39
61,92,1312,92
62,60,911,60
63,28,1298,28
64,54,567,54
65,34,1338,34
66,20,1446,20
67,34,833,34
68,14,1486,14
69,44,753,44
70,62,914,62
71,68,1074,68
72,55,1077,55
73,89,1480,89
74,20,641,20
75,54,562,54
76,95,651,95
77,85,729,85
78,85,1205,85
79,34,913,34
80,37,836,37
81,22,685,22
82,81,1417,81
83,71,903,71
84,71,1086,71
85,29,1209,29
86,98,1354,98
87,70,861,70
88,26,1475,26
89,43,737,43
90,65,515,65
91,16,1063,16
92,31,1457,31
93,96,565,96
94,26,672,26
95,81,791,81
96,66,1348,66
97,67,1420,67
98,43,650,43
99,75,1134,75
100,69,1048,69
1,69,1118,69
2,10,965,10
3,60,1061,60
4,56,800,56
5,70,865,70
6,18,875,18
7,39,576,39
8,82,1147,82
9,39,1474,39
10,14,940,14
11,71,670,71
12,42,1179,42
13,89,534,89
14,82,523,82
15,64,1414,64
16,12,687,12
17,67,879,67
18,78,782,78
19,30,805,30
20,91,1274,91
21,86,1287,86
22,90,1426,90
23,31,774,31
24,87,1314,87
25,31,771,31
26,25,1355,25
27,80,1308,80
28,45,602,45
29,92,525,92
30,30,815,30
31,56,876,56
32,94,568,94
33,85,582,85
34,72,1266,72
35,57,832,57
36,83,697,83
37,63,707,63
38,30,1495,30
39,66,947,66
40,33,931,33
41,52,778,52
42,91,563,91
43,42,1326,42
44,45,716,45
45,56,1270,56
46,73,1406,73
47,61,1219,61
48,75,1398,75
49,17,1279,17
50,52,1033,52
51,93,893,93
52,56,894,56
53,36,613,36
54,99,1239,99
55,55,526,55
56,18,882,18
57,86,1086,86
58,50,758,50
59,64,848,64
60,75,1000,75
61,84,1242,84
62,41,730,41
63,24,573,24
64,23,1395,23
65,35,1072,35
66,100,1039,100
67,24,568,24
68,86,694,86
69,67,913,67
70,91,1068,91
71,22,1383,22
72,18,900,18
73,62,810,62
74,56,1227,56
75,29,979,29
76,11,1453,11
77,35,1006,35
78,58,1143,58
79,84,580,84
80,93,1158,93
81,46,993,46
82,69,1211,69
83,57,936,57
84,35,748,35
85,96,676,96
86,23,1204,23
87,66,703,66
88,95,504,95
89,27,1335,27
90,23,625,23
91,96,1032,96
92,15,1289,15
93,63,1271,63
94,14,1335,14
95,82,937,82
96,50,1187,50
97,34,1045,34
98,17,911,17
99,12,784,12
100,80,1294,80
