1,72,912,72
2,35,946,35
3,41,667,41
4,40,627,40
5,57,1079,57
6,40,629,40
1,71,780,71
2,99,951,99
3,91,1411,91
4,40,1421,40
5,11,1137,11
6,21,877,21
7,32,1319,32
8,29,898,29
9,98,1251,98
10,52,794,52
1,57,653,57
1,43,553,43
2,98,552,98
3,36,736,36
4,33,1415,33
5,75,1349,75
6,74,1136,74
7,62,764,62
8,56,524,56
9,86,506,86
10,87,1151,87
11,66,834,66
12,53,731,53
13,38,732,38
14,25,1433,25
15,42,838,42
16,93,1361,93
17,68,1283,68
18,51,1309,51
19,76,606,76
20,17,936,17
21,19,1247,19
22,11,778,11
23,81,730,81
24,24,798,24
25,70,1488,70
26,33,1093,33
27,26,795,26
28,70,1364,70
29,100,965,100
30,28,944,28
31,33,778,33
32,52,780,52
33,12,1359,12
34,11,528,11
35,27,663,27
36,25,1358,25
37,19,912,19
38,95,1121,95
39,65,907,65
40,26,790,26
41,88,506,88
42,53,1211,53
43,18,1357,18
44,79,1245,79
45,63,918,63
46,24,1079,24
47,16,553,16
48,43,1147,43
49,61,824,61
50,56,720,56
51,81,579,81
52,37,975,37
53,81,1360,81
54,30,1442,30
55,40,999,40
56,84,732,84
57,38,636,38
58,64,1037,64
59,89,730,89
60,19,679,19
61,66,1268,66
62,45,1317,45
63,32,1416,32
64,55,1428,55
65,11,706,11
66,78,762,78
67,46,1027,46
68,53,673,53
69,54,1494,54
70,98,1172,98
71,15,1310,15
72,49,1160,49
73,62,1246,62
74,20,674,20
75,51,796,51
76,88,1291,88
77,57,1259,57
78,33,1410,33
79,33,1302,33
80,93,683,93
81,50,862,50
82,92,1003,92
83,96,988,96
84,57,1415,57
85,50,689,50
86,55,964,55
87,97,1420,97
88,28,1343,28
89,38,609,38
90,88,1188,88
91,32,711,32
92,88,858,88
93,17,670,17
94,11,819,11
95,71,513,71
96,85,777,85
97,44,1269,44
98,11,1418,11
99,67,573,67
100,95,1492,95
1,23,1414,23
2,27,1159,27
1,32,713,32
2,17,902,17
3,75,966,75
4,77,838,77
5,48,1127,48
6,39,521,39
7,15,1385,15
8,86,1385,86
9,22,844,22
1,92,1302,92
2,71,1028,71
3,20,595,20
4,79,1413,79
5,80,1471,80
6,53,552,53
7,23,1488,23
8,16,1049,16
9,90,1379,90
10,95,952,95
1,26,896,26
2,72,777,72
3,42,954,42
4,27,1262,27
5,86,1364,86
6,43,1483,43
7,80,589,80
8,94,1055,94
9,68,877,68
10,78,740,78
11,18,1330,18
12,64,799,64
13,16,504,16
14,98,934,98
15,59,1490,59
16,40,640,40
17,13,1418,13
18,29,1009,29
19,99,1062,99
20,60,1365,60
21,70,1124,70
22,95,781,95
23,86,960,86
24,78,1027,78
25,67,1488,67
26,95,790,95
27,49,1120,49
28,55,627,55
29,100,1023,100
30,19,1164,19
31,83,1476,83
32,85,1401,85
33,80,693,80
34,27,1330,27
35,94,1095,94
36,50,1271,50
37,94,793,94
38,32,1456,32
39,90,999,90
40,51,1166,51
41,75,1276,75
42,75,1108,75
43,74,691,74
44,66,756,66
45,26,1062,26
46,63,1301,63
47,85,1286,85
48,51,563,51
49,56,842,56
50,37,951,37
51,54,1108,54
52,41,535,41
53,53,1399,53
54,59,1232,59
55,87,1379,87
56,37,799,37
57,70,1470,70
58,51,1432,51
59,80,503,80
60,90,1277,90
61,95,610,95
62,23,859,23
63,46,1393,46
64,73,1191,73
65,10,988,10
66,11,1081,11
67,44,1456,44
68,90,892,90
69,23,1289,23
70,16,1108,16
71,65,951,65
72,72,1430,72
73,92,815,92
74,31,1208,31
75,27,681,27
76,49,1468,49
77,88,1176,88
78,83,945,83
79,13,1434,13
80,87,696,87
81,32,1028,32
82,14,817,14
83,33,1097,33
84,31,649,31
85,67,1011,67
86,42,780,42
87,70,983,70
88,17,1438,17
89,95,888,95
90,48,1180,48
91,66,948,66
92,37,553,37
93,53,1225,53
94,74,1484,74
95,85,747,85
96,38,827,38
97,94,914,94
98,95,1215,95
99,23,574,23
100,11,1332,11
1,96,629,96
2,13,972,13
3,69,924,69
4,14,1466,14
5,22,1425,22
6,81,590,81
7,51,1040,51
8,46,1390,46
9,86,1038,86
10,73,1455,73
1,34,1102,34
1,71,1343,71
1,74,973,74
1,60,565,60
1,60,565,60
1,79,1473,79
1,46,1283,46
1,89,1188,89
1,70,1306,70
1,45,950,45
1,94,634,94
1,99,1128,99
1,99,1128,99
1,48,1140,48
1,63,770,63
1,87,706,87
1,70,1354,70
2,53,715,53
3,19,550,19
4,72,640,72
5,87,565,87
6,32,1157,32
7,20,1172,20
8,38,1444,38
9,82,607,82
10,25,1243,25
1,85,800,85
2,34,561,34
3,95,1236,95
4,83,1356,83
5,48,867,48
6,74,1395,74
7,57,1297,57
8,10,1114,10
9,36,994,36
10,12,1440,12
1,55,657,55
2,63,538,63
3,60,1476,60
4,76,510,76
5,75,1465,75
6,42,1389,42
7,43,1111,43
8,67,1180,67
9,24,1278,24
10,60,677,60
1,51,658,51
2,82,1273,82
3,17,1440,17
4,48,904,48
5,39,1008,39
6,62,1463,62
7,42,1156,42
8,47,916,47
9,49,1189,49
10,10,523,10
1,43,1315,43
2,35,792,35
3,68,861,68
4,92,1088,92
5,19,935,19
6,96,1344,96
7,84,1189,84
8,78,569,78
9,95,748,95
10,55,1024,55
1,67,1262,67
2,26,940,26
3,42,1071,42
4,21,947,21
5,23,1424,23
6,45,985,45
7,13,797,13
8,10,573,10
9,39,574,39
10,76,694,76
1,64,658,64
2,52,685,52
3,25,1269,25
4,85,1234,85
5,60,845,60
6,24,1252,24
7,97,590,97
8,33,1203,33
9,21,890,21
10,28,1486,28
11,67,1225,67
12,10,1273,10
13,29,1434,29
14,95,634,95
15,49,1330,49
16,40,1018,40
17,42,1468,42
18,17,1429,17
19,30,1237,30
20,22,1372,22
21,87,1258,87
22,57,1246,57
23,21,896,21
24,59,733,59
25,91,766,91
26,60,1408,60
27,48,1259,48
28,92,1340,92
29,10,686,10
30,80,988,80
31,20,549,20
32,65,684,65
33,28,1018,28
34,80,1019,80
35,73,816,73
36,11,588,11
37,51,645,51
38,28,845,28
39,73,546,73
40,10,1299,10
41,29,1339,29
42,89,1221,89
43,37,500,37
44,31,1428,31
45,96,1168,96
46,30,784,30
47,27,997,27
48,42,872,42
49,59,901,59
50,84,1312,84
51,77,580,77
52,49,1182,49
53,28,550,28
54,31,809,31
55,72,648,72
56,38,1190,38
57,36,981,36
58,35,948,35
59,46,822,46
60,84,1375,84
61,41,675,41
62,78,1489,78
63,85,556,85
64,76,1387,76
65,57,1219,57
66,87,1313,87
67,83,613,83
68,98,1209,98
69,64,1032,64
70,21,1437,21
71,17,1384,17
72,68,1098,68
73,52,1071,52
74,37,1041,37
75,68,901,68
76,31,1453,31
77,21,1458,21
78,29,802,29
79,44,557,44
80,29,1198,29
81,52,732,52
82,25,874,25
83,14,844,14
84,79,1219,79
85,81,947,81
86,61,836,61
87,80,1318,80
88,59,521,59
89,75,816,75
90,26,1430,26
91,73,1172,73
92,36,977,36
93,37,607,37
94,80,999,80
95,53,956,53
96,39,1482,39
97,41,1179,41
98,20,1159,20
99,37,1405,37
100,98,1049,98
1,41,959,41
2,80,899,80
3,44,1500,44
4,54,1318,54
5,27,1161,27
6,64,963,64
7,63,673,63
8,90,753,90
9,97,613,97
10,79,799,79
11,50,534,50
12,59,1432,59
13,94,822,94
14,100,1369,100
15,42,609,42
16,83,651,83
17,83,565,83
18,62,1352,62
19,93,1354,93
20,22,1149,22
21,90,1224,90
22,68,1371,68
23,13,829,13
24,53,952,53
25,55,620,55
26,99,1357,99
27,25,1311,25
28,53,1408,53
29,85,1136,85
30,44,1171,44
31,14,740,14
32,58,982,58
33,78,1463,78
34,81,934,81
35,44,515,44
36,65,1319,65
37,79,864,79
38,40,692,40
39,98,1212,98
40,26,791,26
41,94,652,94
42,96,780,96
43,86,1056,86
44,81,640,81
45,14,1222,14
46,96,1303,96
47,53,897,53
48,72,1395,72
49,27,1016,27
50,99,1244,99
51,80,732,80
52,98,914,98
53,84,1351,84
54,38,721,38
55,69,1308,69
56,32,947,32
57,85,1473,85
58,59,730,59
59,92,1075,92
60,66,1328,66
61,68,1223,68
62,38,643,38
63,25,723,25
64,25,1271,25
65,93,725,93
66,75,750,75
67,93,643,93
68,97,1472,97
69,36,668,36
70,30,1186,30
71,39,1032,39
72,19,1248,19
73,35,1478,35
74,84,784,84
75,69,1353,69
76,92,1188,92
77,43,1043,43
78,80,1156,80
79,26,887,26
80,49,1109,49
81,13,720,13
82,97,1354,97
83,100,982,100
84,11,1241,11
85,73,984,73
86,20,1500,20
87,52,1043,52
88,86,1009,86
89,21,651,21
90,82,526,82
91,96,694,96
92,40,1282,40
93,58,787,58
94,49,687,49
95,18,1087,18
96,61,675,61
97,97,513,97
98,64,723,64
99,15,823,15
100,72,627,72
