1,78,1279,78
2,54,1265,54
3,51,691,51
4,32,574,32
5,76,1122,76
6,70,1383,70
1,10,1186,10
2,59,584,59
3,27,1281,27
4,72,774,72
5,23,656,23
6,48,907,48
7,89,1003,89
8,88,1061,88
9,48,691,48
10,85,514,85
1,62,1051,62
2,22,1327,22
3,47,1489,47
4,70,978,70
5,94,1093,94
6,72,537,72
7,48,1424,48
8,77,869,77
9,77,1305,77
10,87,912,87
11,29,598,29
12,62,1186,62
13,16,1233,16
14,50,896,50
15,60,615,60
16,31,928,31
17,74,1144,74
18,42,1468,42
19,100,1088,100
20,54,1284,54
21,58,1034,58
22,84,529,84
23,87,1092,87
24,14,1189,14
25,20,701,20
26,41,905,41
27,73,802,73
28,90,1460,90
29,79,500,79
30,56,966,56
31,70,592,70
32,98,1163,98
33,68,707,68
34,67,777,67
35,14,990,14
36,71,1448,71
37,51,880,51
38,58,1220,58
39,34,1450,34
40,29,1376,29
41,26,1004,26
42,63,606,63
43,68,713,68
44,81,728,81
45,91,1012,91
46,53,733,53
47,97,1435,97
48,36,931,36
49,81,736,81
50,80,1440,80
51,37,1003,37
52,37,1186,37
53,33,1318,33
54,19,1051,19
55,28,1486,28
56,83,994,83
57,50,617,50
58,40,728,40
59,33,831,33
60,75,860,75
61,65,1079,65
62,81,1301,81
63,27,1117,27
64,100,1258,100
65,55,611,55
66,85,627,85
67,43,1055,43
68,54,1436,54
69,93,979,93
70,86,1029,86
71,100,1277,100
72,35,1462,35
73,100,1498,100
74,29,886,29
75,18,803,18
76,80,953,80
77,15,1472,15
78,57,1496,57
79,10,1359,10
80,94,833,94
81,46,997,46
82,87,1348,87
83,35,1493,35
84,47,676,47
85,85,1377,85
86,50,765,50
87,39,854,39
88,11,1365,11
89,45,884,45
90,52,1274,52
91,25,1356,25
92,66,546,66
93,47,984,47
94,40,1345,40
95,63,633,63
96,22,749,22
97,43,1187,43
98,42,1416,42
99,72,1026,72
100,59,745,59
1,75,728,75
2,62,1148,62
3,42,640,42
1,81,1441,81
2,87,1395,87
3,75,827,75
4,49,721,49
5,60,675,60
6,63,1415,63
7,67,1386,67
8,47,1158,47
9,50,1339,50
1,65,682,65
2,97,1425,97
3,71,583,71
4,12,987,12
5,86,660,86
6,66,685,66
7,91,606,91
8,27,896,27
9,37,1314,37
10,23,1496,23
1,23,1177,23
2,92,791,92
3,72,781,72
4,92,718,92
5,69,812,69
6,70,1465,70
7,24,860,24
8,34,1273,34
9,81,1203,81
10,86,1412,86
11,59,1460,59
12,76,662,76
13,22,589,22
14,31,883,31
15,56,562,56
16,42,804,42
17,41,940,41
18,15,548,15
19,67,586,67
20,43,1499,43
21,45,1394,45
22,19,1403,19
23,16,649,16
24,97,1143,97
25,34,1109,34
26,68,1142,68
27,35,654,35
28,68,792,68
29,99,944,99
30,71,778,71
31,38,532,38
32,63,543,63
33,33,1218,33
34,62,1070,62
35,74,1046,74
36,38,748,38
37,93,1394,93
38,33,1415,33
39,95,1096,95
40,49,890,49
41,89,728,89
42,99,539,99
43,58,657,58
44,77,1252,77
45,44,1010,44
46,22,801,22
47,85,655,85
48,41,1208,41
49,32,1234,32
50,61,836,61
51,69,524,69
52,45,794,45
53,11,980,11
54,50,991,50
55,62,1423,62
56,92,684,92
57,59,533,59
58,44,947,44
59,45,1201,45
60,75,703,75
61,76,613,76
62,51,1116,51
63,17,1408,17
64,29,737,29
65,33,611,33
66,89,1196,89
67,81,589,81
68,24,1113,24
69,56,796,56
70,77,950,77
71,84,802,84
72,20,1451,20
73,35,1127,35
74,44,556,44
75,12,1121,12
76,34,1158,34
77,42,1270,42
78,97,515,97
79,76,798,76
80,32,1446,32
81,73,984,73
82,74,1325,74
83,14,888,14
84,87,1109,87
85,85,917,85
86,23,565,23
87,11,1266,11
88,13,745,13
89,35,750,35
90,69,1065,69
91,12,875,12
92,83,758,83
93,66,709,66
94,93,987,93
95,62,543,62
96,63,744,63
97,94,962,94
98,52,781,52
99,57,557,57
100,19,1326,19
1,76,1350,76
2,16,1227,16
3,85,1002,85
4,10,924,10
5,67,708,67
6,82,959,82
7,91,624,91
8,85,533,85
9,90,1455,90
10,23,894,23
1,66,685,66
1,98,1472,98
1,40,540,40
1,25,1176,25
1,25,1176,25
1,74,1242,74
1,17,674,17
1,35,1102,35
1,98,1486,98
1,53,1481,53
1,36,1012,36
1,15,623,15
1,15,623,15
1,88,1436,88
1,54,944,54
1,83,1203,83
1,95,1434,95
2,77,920,77
3,86,574,86
4,38,808,38
5,73,1154,73
6,47,566,47
7,18,1182,18
8,61,799,61
9,89,857,89
10,59,1489,59
1,65,1470,65
2,83,1170,83
3,21,1496,21
4,20,570,20
5,21,856,21
6,10,657,10
7,10,733,10
8,72,830,72
9,62,696,62
10,96,1431,96
1,20,808,20
2,91,1125,91
3,76,1399,76
4,66,649,66
5,26,852,26
6,79,1137,79
7,63,1166,63
8,41,957,41
9,45,949,45
10,84,1071,84
1,25,1157,25
2,63,655,63
3,59,568,59
4,66,1082,66
5,32,1131,32
6,52,638,52
7,99,937,99
8,74,714,74
9,92,604,92
10,23,875,23
1,58,1230,58
2,16,690,16
3,47,895,47
4,83,593,83
5,94,1412,94
6,66,1417,66
7,63,1363,63
8,84,997,84
9,71,851,71
10,57,947,57
1,23,527,23
2,90,866,90
3,64,721,64
4,55,1221,55
5,31,840,31
6,45,1006,45
7,35,605,35
8,72,890,72
9,49,1090,49
10,90,1262,90
1,54,567,54
2,65,1448,65
3,94,1108,94
4,32,698,32
5,34,1320,34
6,85,1128,85
7,44,970,44
8,30,1273,30
9,71,776,71
10,38,1084,38
11,14,610,14
12,77,1174,77
13,86,615,86
14,49,951,49
15,21,675,21
16,30,769,30
17,43,692,43
18,49,1051,49
19,75,528,75
20,30,1386,30
21,72,1258,72
22,26,1167,26
23,49,837,49
24,75,705,75
25,52,525,52
26,78,1423,78
27,65,839,65
28,89,953,89
29,53,792,53
30,57,1462,57
31,72,1447,72
32,77,820,77
33,87,1381,87
34,82,891,82
35,83,1010,83
36,29,635,29
37,51,971,51
38,57,733,57
39,68,581,68
40,42,558,42
41,77,1397,77
42,69,974,69
43,37,880,37
44,71,1241,71
45,76,1033,76
46,14,748,14
47,67,967,67
48,34,1447,34
49,48,818,48
50,75,1206,75
51,87,535,87
52,80,1258,80
53,30,500,30
54,44,1038,44
55,76,1126,76
56,17,758,17
57,58,1439,58
58,52,593,52
59,43,1500,43
60,21,1316,21
61,32,995,32
62,32,1186,32
63,28,1358,28
64,37,767,37
65,71,815,71
66,43,584,43
67,65,1392,65
68,61,1288,61
69,71,894,71
70,60,715,60
71,27,1159,27
72,29,729,29
73,58,1448,58
74,69,1471,69
75,83,1165,83
76,88,1200,88
77,21,731,21
78,10,921,10
79,46,500,46
80,49,874,49
81,57,1310,57
82,42,713,42
83,19,1199,19
84,10,1361,10
85,21,576,21
86,70,1170,70
87,43,587,43
88,85,1367,85
89,21,1423,21
90,58,1216,58
91,79,984,79
92,62,703,62
93,28,1459,28
94,72,1481,72
95,68,1047,68
96,85,1166,85
97,28,1448,28
98,82,1081,82
99,88,1429,88
100,38,1257,38
1,71,720,71
2,75,1383,75
3,52,1183,52
4,40,525,40
5,70,1482,70
6,47,1408,47
7,60,1253,60
8,50,1127,50
9,83,1334,83
10,59,1497,59
11,15,609,15
12,75,1183,75
13,40,730,40
14,67,529,67
15,69,752,69
16,59,1259,59
17,86,1338,86
18,30,1455,30
19,39,1094,39
20,79,1201,79
21,73,1307,73
22,47,835,47
23,11,1443,11
24,63,526,63
25,86,1139,86
26,19,1476,19
27,40,522,40
28,89,878,89
29,32,1189,32
30,47,527,47
31,41,749,41
32,96,745,96
33,65,512,65
34,17,1147,17
35,70,861,70
36,98,1344,98
37,77,1014,77
38,19,573,19
39,89,765,89
40,18,1208,18
41,87,555,87
42,44,676,44
43,22,1091,22
44,49,813,49
45,70,1060,70
46,66,983,66
47,46,1405,46
48,41,1334,41
49,63,720,63
50,75,932,75
51,11,982,11
52,54,623,54
53,69,1448,69
54,82,914,82
55,69,714,69
56,68,917,68
57,55,748,55
58,47,1104,47
59,47,1179,47
60,85,702,85
61,41,917,41
62,100,796,100
63,75,804,75
64,27,1234,27
65,31,676,31
66,22,842,22
67,36,1245,36
68,47,808,47
69,93,540,93
70,68,986,68
71,63,692,63
72,98,505,98
73,13,1007,13
74,57,761,57
75,68,1453,68
76,16,1409,16
77,44,1165,44
78,87,1364,87
79,34,1354,34
80,59,1423,59
81,85,622,85
82,85,956,85
83,25,912,25
84,78,757,78
85,45,790,45
86,89,947,89
87,92,899,92
88,49,1458,49
89,66,557,66
90,95,588,95
91,22,864,22
92,59,695,59
93,41,855,41
94,62,948,62
95,52,656,52
96,10,1213,10
97,42,550,42
98,62,845,62
99,11,1300,11
100,13,604,13
