1,67,702,67
2,76,1405,76
3,15,1365,15
4,92,994,92
5,43,1392,43
6,73,1094,73
7,69,899,69
1,22,1113,22
2,69,1272,69
3,54,1061,54
4,46,1002,46
5,27,1308,27
6,87,1295,87
7,78,769,78
8,57,554,57
9,71,1134,71
10,84,1409,84
1,19,978,19
1,75,775,75
2,51,1108,51
3,64,964,64
4,76,746,76
5,15,1289,15
6,45,1189,45
7,64,1437,64
8,82,986,82
9,52,1403,52
10,46,1013,46
11,73,864,73
12,92,903,92
13,97,1443,97
14,33,1475,33
15,35,1480,35
16,89,951,89
17,65,635,65
18,73,857,73
19,30,1437,30
20,52,893,52
21,44,910,44
22,40,558,40
23,82,508,82
24,11,1342,11
25,27,1033,27
26,25,818,25
27,82,1323,82
28,64,1296,64
29,19,551,19
30,77,793,77
31,70,1266,70
32,46,1019,46
33,19,851,19
34,38,1287,38
35,86,1038,86
36,87,943,87
37,18,1459,18
38,13,987,13
39,10,895,10
40,77,1421,77
41,42,680,42
42,81,701,81
43,47,1326,47
44,63,1286,63
45,75,1301,75
46,39,1040,39
47,98,575,98
48,90,1263,90
49,47,1171,47
50,43,525,43
51,33,1282,33
52,37,967,37
53,43,826,43
54,46,754,46
55,76,1458,76
56,57,883,57
57,57,1249,57
58,58,583,58
59,14,662,14
60,90,1413,90
61,90,666,90
62,22,755,22
63,28,1029,28
64,79,1337,79
65,95,1355,95
66,74,1039,74
67,97,1101,97
68,63,797,63
69,71,841,71
70,47,645,47
71,51,1039,51
72,31,750,31
73,93,629,93
74,80,804,80
75,98,610,98
76,18,690,18
77,34,503,34
78,44,745,44
79,85,1119,85
80,43,1349,43
81,83,882,83
82,41,1394,41
83,47,853,47
84,24,775,24
85,76,1073,76
86,55,1340,55
87,71,1432,71
88,74,1388,74
89,86,925,86
90,56,1443,56
91,34,1057,34
92,38,625,38
93,70,1343,70
94,84,1242,84
95,35,614,35
96,93,1432,93
97,64,1304,64
98,97,1464,97
99,35,602,35
100,87,870,87
1,68,937,68
2,48,1024,48
3,43,1184,43
1,89,544,89
2,38,899,38
3,30,999,30
4,61,1345,61
5,19,1409,19
6,97,740,97
7,54,611,54
8,10,1295,10
9,25,857,25
10,18,1291,18
1,48,600,48
2,72,710,72
3,85,668,85
4,76,1477,76
5,83,610,83
6,23,1094,23
7,31,1131,31
8,15,1363,15
9,53,594,53
10,68,629,68
1,16,634,16
2,18,1065,18
3,20,539,20
4,25,817,25
5,58,636,58
6,20,1168,20
7,65,1473,65
8,44,639,44
9,44,754,44
10,17,1202,17
11,20,1132,20
12,12,1131,12
13,32,580,32
14,19,1231,19
15,73,1315,73
16,85,876,85
17,83,1223,83
18,98,1119,98
19,44,1480,44
20,40,1063,40
21,34,923,34
22,57,651,57
23,10,1082,10
24,34,1314,34
25,83,1275,83
26,65,1041,65
27,48,587,48
28,29,910,29
29,86,682,86
30,26,835,26
31,82,1095,82
32,93,1106,93
33,68,929,68
34,56,1469,56
35,57,1056,57
36,52,610,52
37,18,872,18
38,88,626,88
39,14,868,14
40,97,846,97
41,97,968,97
42,62,630,62
43,25,1381,25
44,89,1359,89
45,75,883,75
46,51,1135,51
47,40,1434,40
48,50,513,50
49,75,1337,75
50,81,751,81
51,23,1139,23
52,40,1462,40
53,72,1043,72
54,81,684,81
55,58,1341,58
56,91,552,91
57,31,583,31
58,35,1243,35
59,66,1388,66
60,29,957,29
61,53,575,53
62,19,1263,19
63,64,1454,64
64,95,612,95
65,19,1486,19
66,61,1487,61
67,56,974,56
68,13,1482,13
69,50,1275,50
70,36,872,36
71,58,1207,58
72,90,1238,90
73,12,1150,12
74,79,903,79
75,52,503,52
76,36,837,36
77,10,740,10
78,10,1298,10
79,41,1490,41
80,47,1033,47
81,29,783,29
82,42,831,42
83,64,723,64
84,79,605,79
85,42,924,42
86,26,1418,26
87,86,799,86
88,83,1282,83
89,15,1281,15
90,84,898,84
91,24,807,24
92,75,899,75
93,70,914,70
94,45,1017,45
95,17,814,17
96,59,767,59
97,52,1260,52
98,98,1257,98
99,21,624,21
100,91,1070,91
1,14,1312,14
2,32,1063,32
3,88,546,88
4,58,1449,58
5,73,1121,73
6,78,1381,78
7,12,933,12
8,17,1358,17
9,62,1273,62
10,18,1319,18
1,59,780,59
1,97,1285,97
1,99,656,99
1,49,760,49
1,49,760,49
1,59,1142,59
1,35,1221,35
1,62,1048,62
1,25,766,25
1,18,1274,18
1,58,583,58
1,80,867,80
1,80,867,80
1,49,1144,49
1,74,516,74
1,27,640,27
1,20,668,20
2,46,759,46
3,92,729,92
4,40,1014,40
5,62,1050,62
6,40,618,40
7,55,1047,55
8,37,587,37
9,14,1036,14
10,94,1343,94
1,88,900,88
2,87,1484,87
3,86,999,86
4,34,727,34
5,77,667,77
6,44,1405,44
7,60,1147,60
8,79,1154,79
9,57,951,57
10,26,528,26
1,18,711,18
2,24,1406,24
3,28,1382,28
4,80,1306,80
5,45,859,45
6,20,910,20
7,54,1032,54
8,95,1461,95
9,70,587,70
10,75,729,75
1,58,527,58
2,91,555,91
3,25,1035,25
4,41,1183,41
5,81,1486,81
6,65,1058,65
7,34,1409,34
8,63,980,63
9,34,1438,34
10,27,642,27
1,19,630,19
2,94,558,94
3,16,539,16
4,65,1215,65
5,75,1484,75
6,97,602,97
7,75,1355,75
8,47,1145,47
9,60,1000,60
10,66,1336,66
1,96,1166,96
2,98,1378,98
3,18,664,18
4,12,1216,12
5,49,702,49
6,57,1183,57
7,39,794,39
8,74,1075,74
9,100,779,100
10,75,840,75
1,78,906,78
2,73,1404,73
3,65,740,65
4,52,1469,52
5,98,832,98
6,43,1175,43
7,99,632,99
8,30,1384,30
9,56,790,56
10,85,668,85
11,24,920,24
12,71,940,71
13,31,1497,31
14,60,1393,60
15,31,1257,31
16,21,512,21
17,23,1259,23
18,91,500,91
19,96,514,96
20,43,875,43
21,74,1349,74
22,76,1297,76
23,13,1039,13
24,95,1308,95
25,58,961,58
26,76,1327,76
27,38,878,38
28,40,1339,40
29,68,637,68
30,18,648,18
31,39,1168,39
32,84,1272,84
33,14,980,14
34,21,1486,21
35,55,1373,55
36,95,810,95
37,45,823,45
38,46,891,46
39,18,1271,18
40,89,602,89
41,15,1206,15
42,76,790,76
43,77,1090,77
44,28,1081,28
45,15,1068,15
46,71,601,71
47,69,1491,69
48,84,727,84
49,38,1493,38
50,91,729,91
51,18,824,18
52,77,1415,77
53,41,1015,41
54,78,1472,78
55,94,1343,94
56,82,531,82
57,68,1245,68
58,10,578,10
59,87,909,87
60,10,627,10
61,99,623,99
62,46,585,46
63,53,1289,53
64,12,684,12
65,93,1378,93
66,56,897,56
67,70,715,70
68,62,692,62
69,85,1459,85
70,71,1336,71
71,31,572,31
72,57,1282,57
73,93,551,93
74,69,1131,69
75,42,1375,42
76,35,772,35
77,28,1448,28
78,50,1351,50
79,98,749,98
80,31,1225,31
81,41,1001,41
82,34,874,34
83,33,1185,33
84,60,550,60
85,97,1486,97
86,11,1051,11
87,30,841,30
88,67,1181,67
89,92,1262,92
90,52,807,52
91,98,1282,98
92,57,902,57
93,83,551,83
94,79,895,79
95,95,1283,95
96,52,1186,52
97,68,774,68
98,72,680,72
99,33,742,33
100,30,628,30
1,19,1017,19
2,17,571,17
3,97,583,97
4,41,1329,41
5,76,1106,76
6,28,728,28
7,86,997,86
8,46,510,46
9,19,1394,19
10,81,1070,81
11,69,758,69
12,14,1325,14
13,85,1091,85
14,75,641,75
15,62,996,62
16,26,1180,26
17,83,849,83
18,98,508,98
19,52,856,52
20,26,1003,26
21,89,577,89
22,100,1478,100
23,14,561,14
24,20,798,20
25,11,646,11
26,100,791,100
27,40,1269,40
28,13,716,13
29,38,681,38
30,84,613,84
31,83,583,83
32,56,769,56
33,78,1191,78
34,25,1262,25
35,96,857,96
36,27,995,27
37,22,1357,22
38,32,1429,32
39,63,1466,63
40,49,1459,49
41,10,1286,10
42,100,1237,100
43,49,653,49
44,74,710,74
45,14,1392,14
46,80,878,80
47,57,684,57
48,74,1217,74
49,83,1421,83
50,12,830,12
51,25,613,25
52,48,803,48
53,17,1241,17
54,46,1304,46
55,41,1423,41
56,94,1052,94
57,11,897,11
58,35,1002,35
59,23,582,23
60,82,1335,82
61,33,909,33
62,21,1432,21
63,41,829,41
64,68,1226,68
65,17,612,17
66,73,1220,73
67,18,872,18
68,91,690,91
69,32,1051,32
70,22,1374,22
71,76,1381,76
72,44,1187,44
73,73,1331,73
74,11,1163,11
75,66,761,66
76,48,709,48
77,91,710,91
78,98,1352,98
79,100,1305,100
80,72,1328,72
81,10,732,10
82,70,1352,70
83,30,1273,30
84,77,672,77
85,19,1233,19
86,86,1265,86
87,23,837,23
88,51,1132,51
89,85,1194,85
90,60,1278,60
91,39,1109,39
92,10,516,10
93,35,631,35
94,53,904,53
95,12,1414,12
96,80,716,80
97,43,1248,43
98,19,915,19
99,28,1254,28
100,31,930,31
